0 0.2712578125 0.515876168224299 0.23595312499999999 0.5101168224299065
0 0.5274921874999999 0.39663551401869157 0.126234375 0.4202336448598131
0 0.9446484375 0.2426752336448598 0.012140624999999999 0.0577803738317757
0 0.0086640625 0.3524299065420561 0.015796875 0.035186915887850466
0 0.7974453125000001 0.2551869158878505 0.009546875 0.0494392523364486
0 0.8230078125 0.2719626168224299 0.021359375 0.05467289719626168
0 0.9131640625000002 0.2504789719626168 0.026890625 0.09880841121495326
0 0.2908515625 0.5444742990654206 0.388578125 0.38390186915887853
0 0.873640625 0.2536448598130841 0.021281249999999998 0.05065420560747663
0 0.3138046875 0.2760864485981308 0.013859374999999998 0.04016355140186916
0 0.3027734375 0.2789018691588785 0.013859374999999998 0.0388785046728972
0 0.8227187499999999 0.23661214953271031 0.010624999999999999 0.03845794392523365
0 0.9539140625 0.24264018691588787 0.012296875 0.06144859813084112
