0 0.6586065573770492 0.6461406249999999 0.2762295081967213 0.47443749999999996
0 0.3731498829039812 0.6051015625 0.41908665105386417 0.567515625
0 0.889192037470726 0.5853984375 0.16840749414519907 0.366296875
0 0.6538524590163934 0.35480468750000005 0.16096018735363 0.149890625
0 0.5194379391100702 0.6269296875 0.07512880562060889 0.144109375
0 0.433711943793911 0.6079296875 0.05126463700234192 0.167140625
0 0.10463700234192037 0.5856562500000001 0.06229508196721312 0.08253125
0 0.8006440281030445 0.588390625 0.06550351288056205 0.0786875
0 0.9818266978922717 0.61259375 0.03634660421545667 0.113625
0 0.019473067915690867 0.5751015625 0.038946135831381734 0.049140625
