0 0.5491015625 0.523599537037037 0.324609375 0.7190972222222222
0 0.30209375 0.580775462962963 0.047343750000000004 0.13043981481481481
0 0.152203125 0.6128703703703704 0.027437499999999997 0.0798611111111111
0 0.822625 0.3924074074074074 0.02759375 0.08388888888888889
0 0.8866953125 0.3644675925925926 0.025296875000000003 0.08990740740740742
0 0.9255625000000001 0.36087962962962955 0.02678125 0.10074074074074074
0 0.7865859374999999 0.39195601851851847 0.012359375 0.03543981481481481
0 0.8067187499999999 0.40756944444444443 0.0163125 0.023425925925925923
0 0.7081484375 0.4217824074074074 0.019984375 0.06986111111111111
0 0.8369921875000002 0.3809027777777778 0.007671875 0.03509259259259259
0 0.7256796875 0.430162037037037 0.015234375 0.044722222222222226
0 0.1648984375 0.567488425925926 0.003953125 0.022569444444444444
0 0.8535781250000001 0.3780439814814815 0.0072499999999999995 0.034837962962962966
