0 0.8085156250000001 0.06179906542056074 0.0360625 0.0786448598130841
0 0.7643828125 0.0592873831775701 0.018578125 0.05408878504672897
0 0.0604375 0.07302570093457944 0.0245 0.07960280373831775
0 0.1025703125 0.051717289719626164 0.019890625000000002 0.04735981308411215
0 0.0293046875 0.26517523364485984 0.058609375 0.15731308411214953
0 0.9346171875 0.06417056074766356 0.025359375 0.10792056074766354
0 0.01146875 0.07766355140186916 0.0229375 0.08817757009345795
0 0.0859921875 0.060046728971962615 0.018734375 0.056495327102803736
0 0.6132734375 0.05521028037383178 0.021859375 0.049018691588785045
0 0.029367187500000003 0.07720794392523365 0.031578125 0.08717289719626169
0 0.777546875 0.05700934579439252 0.01040625 0.05271028037383177
0 0.8890859375 0.062137850467289715 0.011484375 0.04502336448598131
0 0.5565546875 0.05945093457943925 0.054359375 0.08595794392523365
