0 0.5125 0.3144262295081967 0.02890625 0.08665105386416862
0 0.494046875 0.2766276346604215 0.01740625 0.05850117096018735
0 0.6021249999999999 0.27831381733021077 0.022125 0.05480093676814988
0 0.383359375 0.27502341920374707 0.015312500000000001 0.05309133489461359
0 0.22814062500000004 0.469496487119438 0.014624999999999999 0.0950585480093677
0 0.7296796875 0.1447072599531616 0.011703125 0.02819672131147541
0 0.31158593749999997 0.26311475409836066 0.016421875 0.07451990632318502
0 0.759265625 0.4375526932084309 0.0124375 0.07908665105386417
0 0.4185390625 0.08981264637002342 0.012953125 0.03269320843091335
0 0.505234375 0.5211826697892271 0.04040625 0.1264871194379391
0 0.7931640625 0.36956674473067913 0.018515625 0.05875878220140515
0 0.9798671875 0.4762763466042155 0.022234375 0.04468384074941452
0 0.8916328124999999 0.30735362997658083 0.013546875 0.046416861826697894
0 0.46293750000000006 0.09149882903981264 0.01228125 0.03292740046838408
