0 0.4081796875 0.5044769230769232 0.176484375 0.9416923076923077
0 0.1888671875 0.5731384615384615 0.125359375 0.745476923076923
0 0.74825 0.5067692307692307 0.17075 0.8373538461538461
0 0.863515625 0.33221538461538463 0.08006250000000001 0.40541538461538457
0 0.285015625 0.2767846153846154 0.0199375 0.1284
0 0.320890625 0.2819076923076923 0.027968749999999997 0.14227692307692308
0 0.170515625 0.2347076923076923 0.019375 0.08473846153846154
0 0.15459375000000003 0.23413846153846155 0.02 0.08969230769230768
0 0.5375468750000001 0.15429230769230767 0.02515625 0.14864615384615384
0 0.27303124999999995 0.2723076923076923 0.0200625 0.14172307692307692
