0 0.4018046875 0.5842355371900826 0.10779687499999999 0.3844628099173554
0 0.2708203125 0.6044731404958678 0.075578125 0.34121900826446283
0 0.7384062499999999 0.5696694214876034 0.062875 0.33033057851239667
0 0.5934843750000001 0.575 0.07396875 0.2764876033057851
0 0.527796875 0.5736673553719008 0.06281250000000001 0.2740702479338843
0 0.4886640625 0.5737603305785124 0.052265625 0.2947520661157025
0 0.324 0.5787706611570248 0.06890625 0.2805578512396694
0 0.7441796875000001 0.36696280991735536 0.067296875 0.19516528925619833
0 0.4709609375 0.3227272727272727 0.105296875 0.1578099173553719
0 0.4591640625 0.5830268595041322 0.048046875 0.2807231404958678
0 0.704640625 0.2903925619834711 0.03078125 0.05425619834710744
0 0.45131249999999995 0.5302685950413223 0.02290625 0.1547107438016529
