0 0.6890682414698164 0.19814062500000001 0.18228346456692915 0.0685
0 0.1377952755905512 0.8718515625000001 0.053385826771653544 0.074609375
0 0.09766404199475066 0.8695078125 0.03401574803149607 0.044015625
0 0.18017060367454069 0.8635468749999999 0.04879265091863517 0.0605625
0 0.41964566929133856 0.8934140625 0.06086614173228347 0.052796875
0 0.4072703412073491 0.8153124999999999 0.02 0.025031249999999998
0 0.4719160104986877 0.817046875 0.01590551181102362 0.01984375
0 0.05553805774278215 0.8627812499999999 0.05832020997375328 0.061125
0 0.30741469816272965 0.8433125 0.05010498687664042 0.0300625
0 0.4659055118110236 0.8186171874999999 0.012860892388451445 0.014859375
