0 0.22009375000000003 0.6091197183098592 0.2768125 0.7817605633802817
0 0.7949765624999999 0.7728051643192487 0.097890625 0.15232394366197183
0 0.8361640625 0.7765492957746479 0.053578125 0.1532394366197183
0 0.705296875 0.7760563380281691 0.07162500000000001 0.15845070422535212
0 0.8836953125000001 0.6341901408450703 0.067109375 0.255
0 0.9506328125 0.6405868544600939 0.068765625 0.24863849765258217
0 0.8956796875 0.7850938967136152 0.084703125 0.13718309859154929
0 0.284203125 0.7764084507042254 0.08975 0.15507042253521128
0 0.7239609375 0.6516784037558686 0.10770312500000001 0.2741549295774648
0 0.5974140625000001 0.5869014084507042 0.42895312499999994 0.7950704225352112
0 0.9802031249999998 0.7809507042253521 0.03959375 0.1394131455399061
0 0.14850000000000002 0.6413732394366197 0.29700000000000004 0.3667370892018779
0 0.28753124999999996 0.6597183098591548 0.06331250000000001 0.16737089201877933
