0 0.3778 0.5301889534883721 0.26612 0.8282267441860466
0 0.7892899999999999 0.7035029069767442 0.08334 0.4874127906976744
0 0.6678999999999999 0.7749127906976744 0.12368000000000001 0.35505813953488374
0 0.55822 0.6548110465116279 0.09756000000000001 0.49944767441860466
0 0.21702000000000002 0.7720203488372093 0.10468000000000001 0.3445058139534884
0 0.05643 0.7651744186046511 0.07886 0.3213372093023256
0 0.77926 0.5909011627906977 0.179 0.4062209302325582
0 0.5066 0.7401017441860465 0.09976 0.3668895348837209
0 0.47457 0.5154796511627907 0.06466 0.1115406976744186
0 0.10278999999999999 0.6820494186046512 0.1305 0.5135174418604651
0 0.21030000000000001 0.5345784883720931 0.09784000000000001 0.24886627906976744
