0 0.28228125 0.7016562499999999 0.00653125 0.019395833333333334
0 0.274953125 0.71028125 0.0071874999999999994 0.025520833333333333
0 0.25853125 0.7029270833333333 0.00978125 0.016770833333333336
0 0.24446093749999998 0.71471875 0.009796875 0.0273125
0 0.25143750000000004 0.7053333333333334 0.00584375 0.017416666666666667
0 0.74490625 0.6933854166666666 0.007531250000000001 0.03639583333333333
0 0.6174999999999999 0.6713125000000001 0.00828125 0.022083333333333333
0 0.23121093750000005 0.71159375 0.008359374999999999 0.035729166666666666
0 0.26915625 0.7023020833333333 0.004625 0.014520833333333334
0 0.5580859375 0.6695833333333333 0.007640625 0.019083333333333334
0 0.7370546874999999 0.6936458333333333 0.0072968749999999995 0.034874999999999996
0 0.273 0.7050312499999999 0.0036562499999999998 0.012854166666666667
0 0.2644765625 0.7101041666666666 0.006734374999999999 0.027125
