0 0.19625 0.7488753799392097 0.11000000000000001 0.48200607902735565
0 0.5211796875 0.7328267477203648 0.08451562500000001 0.4486322188449848
0 0.6592890625 0.7354255319148937 0.062234374999999995 0.40805471124620063
0 0.7422187499999999 0.7322188449848024 0.06815625 0.39999999999999997
0 0.8050937499999999 0.7455167173252278 0.068 0.38343465045592706
0 0.8793046875 0.6398328267477204 0.037953125 0.23401215805471123
0 0.6141249999999999 0.6147872340425532 0.03715625 0.2510334346504559
0 0.9227109375000001 0.6449392097264438 0.036203125 0.2631306990881459
0 0.7028359375 0.6629331306990881 0.056703125 0.283677811550152
0 0.3319375 0.6742857142857143 0.07190625 0.2885714285714286
0 0.2795546875 0.7797720364741642 0.154796875 0.4089665653495441
0 0.9605937499999999 0.6515349544072948 0.039781250000000004 0.24075987841945287
0 0.5939453125 0.663936170212766 0.049421875 0.2763829787234043
