0 0.6658125 0.5945951859956237 0.03215625 0.1463894967177243
0 0.1714296875 0.6959080962800874 0.092390625 0.3024070021881838
0 0.3074296875 0.7030415754923414 0.100578125 0.2884901531728665
0 0.7045234375 0.5975929978118163 0.038421875 0.1359737417943107
0 0.729890625 0.5993873085339169 0.02409375 0.1164113785557987
0 0.759671875 0.5995514223194749 0.0306875 0.11949671772428884
0 0.9132734375 0.6070568927789934 0.024328125 0.10347921225382932
0 0.6306171875 0.5963566739606128 0.034234375 0.12711159737417943
0 0.7667109375 0.5816301969365427 0.024953125 0.10680525164113785
0 0.4015234375 0.5394748358862145 0.019828125 0.04109409190371992
0 0.0454765625 0.33721006564551426 0.016703125 0.06667396061269146
0 0.23512499999999997 0.327800875273523 0.01584375 0.05945295404814005
0 0.61953125 0.6371006564551421 0.041999999999999996 0.05722100656455142
