0 0.5309375 0.7847916666666667 0.316125 0.43041666666666667
0 0.3338671875 0.6538541666666667 0.344109375 0.3107083333333333
0 0.43328125 0.6361770833333333 0.163375 0.2526041666666667
0 0.644015625 0.6405729166666667 0.0894375 0.2196875
0 0.7521171875 0.6456875 0.128265625 0.233125
0 0.0733125 0.7528125 0.14325000000000002 0.4674166666666667
0 0.6501328125000001 0.5427916666666667 0.039578125 0.079875
0 0.47121874999999996 0.5588854166666667 0.050812500000000003 0.10164583333333334
0 0.9379062499999999 0.7551666666666667 0.1241875 0.48854166666666665
0 0.8098281249999999 0.7681666666666668 0.22753125000000002 0.42695833333333333
0 0.7971640625 0.5346875 0.050765625 0.07375
0 0.3817421875 0.5674166666666667 0.045515625 0.096625
0 0.5243671875 0.61503125 0.074109375 0.22277083333333333
