0 0.7311640625 0.5761943793911007 0.038296875 0.15838407494145199
0 0.5638359375 0.48418032786885246 0.021640625 0.09758782201405153
0 0.5861328125 0.4816861826697892 0.015265625 0.09255269320843092
0 0.68146875 0.489344262295082 0.026937499999999996 0.10023419203747072
0 0.72684375 0.48393442622950816 0.02496875 0.06370023419203746
0 0.984609375 0.5366393442622951 0.03078125 0.14850117096018733
0 0.48052343750000004 0.5359601873536299 0.037484375 0.14606557377049179
0 0.7667421875 0.46736533957845433 0.013578125 0.04573770491803279
0 0.8933046874999999 0.677248243559719 0.059171875 0.181943793911007
0 0.8942343749999999 0.5377517564402811 0.033625 0.14210772833723653
0 0.753984375 0.5592740046838408 0.025312499999999998 0.1323185011709602
0 0.785390625 0.5134192037470726 0.03384375 0.1200936768149883
0 0.8109140624999999 0.48142857142857143 0.021671875 0.1072599531615925
