0 0.8595625 0.15260416666666668 0.01615625 0.015500000000000002
0 0.8918515625 0.14130208333333333 0.021265625 0.018104166666666664
0 0.6224765625 0.11326041666666667 0.008890625000000001 0.0116875
0 0.57675 0.11214583333333333 0.01634375 0.016833333333333332
0 0.382078125 0.11245833333333334 0.01190625 0.009333333333333334
0 0.6590390625 0.14007291666666666 0.008984375 0.008520833333333333
0 0.4594921875 0.8328020833333334 0.044140625 0.15102083333333333
0 0.47488281250000003 0.8255312499999999 0.034328125 0.15964583333333332
0 0.647734375 0.11965625 0.014000000000000002 0.012437499999999999
0 0.80640625 0.11289583333333333 0.010125 0.017458333333333336
0 0.40246875 0.21726041666666665 0.006500000000000001 0.015645833333333335
