0 0.577515625 0.5517213114754098 0.096625 0.4511241217798595
0 0.8094140624999999 0.5644379391100702 0.07670312500000001 0.432576112412178
0 0.2611484375 0.7169555035128805 0.133265625 0.4053864168618267
0 0.867796875 0.5034894613583137 0.072375 0.13133489461358314
0 0.8660781249999999 0.42420374707259956 0.037843749999999995 0.09978922716627635
0 0.9382890625 0.512903981264637 0.078421875 0.11124121779859485
0 0.8654921875000001 0.3675526932084309 0.021703125 0.07992974238875879
0 0.3779375 0.544367681498829 0.08003125 0.05463700234192037
0 0.4905390625 0.4653278688524591 0.041296875 0.07796252927400468
0 0.9221484375 0.3799648711943794 0.009046875 0.030327868852459014
0 0.3801328125 0.9322131147540984 0.185921875 0.13557377049180327
0 0.5202890625000001 0.4469789227166276 0.023671875000000002 0.0853864168618267
0 0.9793593749999999 0.4111241217798595 0.01175 0.06088992974238876
