0 0.8859609374999999 0.1831449893390192 0.072453125 0.14155650319829424
0 0.5489531249999999 0.5880810234541578 0.27778125 0.647547974413646
0 0.8171328125 0.2928997867803838 0.090921875 0.30614072494669514
0 0.6319453125 0.24291044776119403 0.200984375 0.44031982942430703
0 0.42698437499999997 0.27151385927505334 0.12256249999999999 0.22886993603411515
0 0.387875 0.1865778251599147 0.14353125 0.3405756929637526
0 0.19232812500000002 0.30153518123667383 0.14068750000000002 0.31616204690831556
0 0.7188203125 0.6112366737739872 0.284890625 0.651684434968017
0 0.3592734375 0.5811407249466951 0.303609375 0.752046908315565
0 0.865921875 0.3495842217484008 0.20209375000000002 0.24019189765458424
0 0.12020312500000001 0.14363539445629 0.10593749999999999 0.2519189765458422
0 0.2196328125 0.15030916844349682 0.108171875 0.25
0 0.039890625 0.3060660980810234 0.051968749999999994 0.24637526652452024
