0 0.21610070257611239 0.6339609375 0.00990632318501171 0.039390625
0 0.3645667447306791 0.6093828125 0.1301639344262295 0.07876562499999999
0 0.4697072599531616 0.61509375 0.02053864168618267 0.03696875
0 0.5191569086651054 0.5618984375 0.01288056206088993 0.014015625
0 0.27936768149882907 0.6214062499999999 0.02459016393442623 0.04
0 0.611112412177986 0.5449140625 0.019882903981264636 0.038140625
0 0.3217681498829039 0.6597265625000001 0.02494145199063232 0.040015625
0 0.3444847775175644 0.6611875 0.020351288056206087 0.0318125
0 0.5499297423887588 0.5708984375 0.02234192037470726 0.042078125
0 0.25059718969555034 0.6060156250000001 0.015807962529274005 0.027937499999999997
0 0.5139695550351289 0.7478359374999999 0.024285714285714285 0.041296875
0 0.5842974238875879 0.9410546875000001 0.032622950819672134 0.056859375000000004
0 0.650807962529274 0.9585859375 0.017072599531615926 0.016109375000000002
