0 0.20592968749999999 0.5661007025761124 0.094859375 0.4729508196721311
0 0.14653125 0.5127166276346604 0.06409375 0.30749414519906326
0 0.636984375 0.5120491803278688 0.14906250000000001 0.08480093676814988
0 0.6000078125 0.5045667447306792 0.014078125 0.06946135831381733
0 0.757359375 0.4887002341920375 0.01625 0.041662763466042155
0 0.8158671875000001 0.4855269320843092 0.024484375 0.060843091334894614
0 0.838828125 0.4868266978922717 0.016625 0.041896955503512884
0 0.853875 0.5164168618266979 0.03421875 0.11021077283372366
0 0.9296171874999999 0.5208430913348946 0.043546875 0.13934426229508196
0 0.7774687499999999 0.5153161592505855 0.02684375 0.09911007025761125
0 0.9854765624999999 0.5203629976580797 0.029046875 0.1422248243559719
