0 0.7422823529411765 0.9049453125000001 0.4166588235294118 0.190109375
0 0.838835294117647 0.8716875 0.3223294117647059 0.256625
0 0.7371764705882352 0.7386015625 0.5231058823529412 0.20992187499999998
0 0.780035294117647 0.6830703125 0.1595058823529412 0.084484375
0 0.7622470588235295 0.606234375 0.4158823529411765 0.3941875
0 0.802870588235294 0.49185156249999995 0.20658823529411763 0.25370312500000003
0 0.8303882352941175 0.449625 0.26571764705882356 0.40393749999999995
0 0.22492941176470588 0.5561875000000001 0.3736235294117647 0.56709375
0 0.7292470588235295 0.113484375 0.22672941176470587 0.22246875
0 0.8049176470588236 0.2741640625 0.25924705882352944 0.203453125
0 0.9307176470588235 0.14175 0.13856470588235295 0.17575000000000002
0 0.5871176470588235 0.26292187499999997 0.16581176470588235 0.26515625
0 0.6831058823529411 0.30528125 0.07990588235294117 0.21015625
