0 0.73439 0.8862133333333333 0.03774 0.14261333333333331
0 0.5689299999999999 0.9059333333333333 0.03074 0.14541333333333334
0 0.49986 0.9062 0.03332 0.14530666666666667
0 0.46986 0.9091866666666667 0.032560000000000006 0.13965333333333332
0 0.42708 0.9095333333333333 0.039200000000000006 0.14328
0 0.2846 0.9012533333333334 0.017839999999999998 0.030666666666666665
0 0.6213 0.8984533333333333 0.03008 0.14965333333333333
0 0.66442 0.8922933333333333 0.03484 0.14778666666666668
0 0.5920700000000001 0.8638133333333333 0.0219 0.06490666666666667
0 0.53007 0.8552533333333334 0.02198 0.0472
0 0.36002 0.80024 0.01064 0.031786666666666664
0 0.9350600000000001 0.84804 0.01948 0.03896
0 0.13318000000000002 0.91216 0.0208 0.034986666666666666
