0 0.6323671875 0.6306572769953053 0.07664062499999999 0.1332394366197183
0 0.3755859375 0.6341666666666667 0.10498437499999999 0.12715962441314554
0 0.46832812500000004 0.5227112676056338 0.04259375 0.30631455399061036
0 0.7198203125 0.5820539906103286 0.037734375 0.11007042253521127
0 0.170046875 0.6441549295774647 0.051968749999999994 0.060187793427230046
0 0.44253906249999997 0.5915258215962441 0.034078125 0.10028169014084506
0 0.9084375000000001 0.6625704225352113 0.07990625 0.04969483568075118
0 0.19445312499999998 0.6157276995305164 0.029906250000000002 0.04943661971830986
0 0.6702890625 0.5807863849765258 0.050828125 0.18152582159624414
0 0.386328125 0.6420422535211268 0.043187500000000004 0.058169014084507045
0 0.8727578125 0.6258215962441315 0.020109375 0.05215962441314554
0 0.541390625 0.5167957746478873 0.19846875 0.6083333333333333
0 0.9715078125 0.6286267605633803 0.055796875 0.13143192488262911
