0 0.71796875 0.543559718969555 0.2265625 0.7540983606557377
0 0.7815000000000001 0.23213114754098363 0.01828125 0.037845433255269324
0 0.466328125 0.3168618266978923 0.050249999999999996 0.22721311475409836
0 0.8928437499999999 0.32351288056206084 0.14140625 0.44028103044496486
0 0.79959375 0.2900702576112412 0.06321875 0.19985948477751758
0 0.757390625 0.24473067915690866 0.021406249999999998 0.07822014051522248
0 0.5217578125 0.35392271662763464 0.077953125 0.3483138173302108
0 0.1589296875 0.41460187353629974 0.092953125 0.33932084309133487
0 0.5729140625 0.35496487119437936 0.043984375 0.0722248243559719
0 0.0986328125 0.26982435597189697 0.034203125 0.07903981264637003
0 0.07367968750000001 0.24806791569086653 0.021796875 0.052810304449648716
0 0.07018749999999999 0.4298126463700234 0.1300625 0.291615925058548
0 0.322765625 0.2829742388758782 0.16684375 0.27592505854800936
