0 0.550625 0.1275175644028103 0.05387499999999999 0.10941451990632318
0 0.8373593749999999 0.14044496487119437 0.08546875000000001 0.17302107728337235
0 0.49926562499999994 0.5820257611241217 0.42281250000000004 0.7775409836065573
0 0.9713750000000001 0.10793911007025762 0.055343750000000004 0.16744730679156908
0 0.843984375 0.08128805620608899 0.0453125 0.1200936768149883
0 0.7785703125000001 0.08450819672131148 0.049546875000000004 0.1159016393442623
0 0.49012500000000003 0.040374707259953166 0.044125 0.07943793911007026
0 0.7434140625 0.0627751756440281 0.042984375000000005 0.12470725995316159
0 0.9088359374999999 0.12543325526932084 0.064453125 0.20121779859484779
0 0.36675781250000006 0.23908665105386417 0.059515625 0.1214519906323185
0 0.30688281249999994 0.22644028103044497 0.038328125000000005 0.1570023419203747
0 0.500609375 0.583407494145199 0.4189375 0.7812412177985948
