0 0.65371875 0.10360416666666668 0.08446875000000001 0.18241666666666667
0 0.26182812499999997 0.47865625 0.2405 0.6921458333333333
0 0.40916406250000004 0.18359375 0.059390624999999996 0.1593125
0 0.657296875 0.5348333333333333 0.32696875 0.907875
0 0.3222578125 0.18009375 0.064796875 0.14222916666666666
0 0.47632812499999994 0.21936458333333334 0.11003125 0.2841875
0 0.3851171875 0.0948125 0.11629687500000001 0.16404166666666667
0 0.3552734375 0.27165625000000004 0.08492187500000001 0.19502083333333334
0 0.1925234375 0.16915624999999998 0.072390625 0.2396875
0 0.272578125 0.133625 0.05103124999999999 0.07208333333333333
0 0.29117187499999997 0.09678125 0.0833125 0.14281249999999998
0 0.9885781249999999 0.14954166666666666 0.02284375 0.15766666666666668
0 0.21535156249999998 0.18438541666666666 0.060421875 0.17847916666666666
