0 0.4687890625000001 0.9123732251521297 0.038015625 0.1304259634888438
0 0.44457031249999995 0.8790669371196754 0.031328125 0.125841784989858
0 0.5716796875 0.8171906693711968 0.024015625 0.10168356997971603
0 0.5513671875 0.8188032454361055 0.023796875000000002 0.08900608519269777
0 0.352546875 0.8964807302231238 0.04528125 0.11908722109533469
0 0.361625 0.8158722109533468 0.0196875 0.06038539553752535
0 0.33192187500000003 0.8421095334685599 0.0255625 0.09878296146044625
0 0.24717187499999999 0.8152028397565922 0.03215625 0.11365111561866126
0 0.20916406250000003 0.807687626774848 0.024421875000000003 0.10154158215010142
0 0.3809140625 0.8619878296146044 0.038203125 0.11415821501014199
0 0.07071875 0.7453245436105477 0.0171875 0.07600405679513185
0 0.11007031250000002 0.7814300202839757 0.026546874999999998 0.07726166328600406
0 0.0088671875 0.7491176470588236 0.011328125 0.020344827586206895
