0 0.22770312499999998 0.5211709601873536 0.0145625 0.05901639344262295
0 0.196265625 0.5370960187353631 0.017687500000000002 0.056299765807962525
0 0.34955468749999996 0.4991100702576112 0.018203125 0.05985948477751756
0 0.44740625000000006 0.5352693208430913 0.011625 0.019999999999999997
0 0.6080703125 0.5048946135831381 0.0053906250000000005 0.014473067915690866
0 0.5931015625 0.5044028103044497 0.005546875 0.01648711943793911
0 0.371953125 0.513711943793911 0.01865625 0.07749414519906324
0 0.46536718750000006 0.5431147540983606 0.010078125 0.01976580796252927
0 0.3141875 0.5324824355971897 0.01903125 0.028524590163934424
0 0.2566484375 0.522400468384075 0.017578125 0.018852459016393444
0 0.7846249999999999 0.7203981264637003 0.083625 0.5592037470725996
0 0.2115703125 0.5047189695550351 0.009140625 0.023348946135831383
0 0.282875 0.5242271662763466 0.034 0.039601873536299764
