0 0.8107578125 0.9286292428198433 0.010109375 0.054960835509138384
0 0.79065625 0.914425587467363 0.0084375 0.03198433420365535
0 0.7147812499999999 0.9318798955613576 0.0113125 0.04616187989556136
0 0.9673203125000001 0.929425587467363 0.009609375 0.04172323759791123
0 0.9869453125000002 0.9277154046997389 0.010765625 0.045352480417754575
0 0.41461718750000004 0.9114360313315927 0.006828125 0.029712793733681464
0 0.932765625 0.9314099216710183 0.014374999999999999 0.0391644908616188
0 0.4203359375 0.9173498694516972 0.004078125 0.017571801566579635
0 0.8165546875 0.9209138381201045 0.005859375 0.0227154046997389
0 0.379984375 0.9142036553524804 0.006812500000000001 0.027885117493472583
0 0.493265625 0.9127937336814622 0.012125 0.02412532637075718
0 0.06374218749999999 0.8961879895561358 0.007015625 0.019112271540469974
0 0.926375 0.918864229765013 0.006687500000000001 0.036318537859007835
