0 0.6626406250000001 0.4943854166666667 0.67471875 0.9887708333333334
0 0.19803125 0.5606770833333333 0.39268749999999997 0.5865208333333333
0 0.48792187499999995 0.14494791666666668 0.20056250000000003 0.28539583333333335
0 0.3608984375 0.09824999999999999 0.106328125 0.19649999999999998
0 0.28382031249999995 0.0939375 0.126390625 0.17879166666666665
0 0.10178125 0.18169791666666668 0.2035625 0.36339583333333336
0 0.2291953125 0.0578125 0.048546875 0.115625
0 0.662703125 0.09015625 0.05425 0.17522916666666666
0 0.42211718750000005 0.03139583333333333 0.022171875 0.059708333333333335
0 0.5866718750000001 0.09732291666666668 0.12421875 0.19464583333333335
