0 0.3202265625 0.44718749999999996 0.28314062500000003 0.301125
0 0.220515625 0.17520833333333335 0.033187499999999995 0.067375
0 0.5195000000000001 0.16245833333333332 0.02765625 0.07666666666666666
0 0.567609375 0.16618750000000002 0.0251875 0.06533333333333333
0 0.060671875 0.16067708333333333 0.026968750000000003 0.10560416666666667
0 0.7642890625 0.16940625 0.013328125 0.050604166666666665
0 0.8461484374999999 0.16229166666666664 0.010078125 0.04870833333333333
0 0.3820234375 0.16514583333333333 0.022484375 0.07325
0 0.32875 0.16316666666666668 0.029125 0.085625
0 0.6530078125000001 0.15185416666666668 0.011828125 0.06608333333333333
0 0.6797265625 0.1573125 0.012171875 0.05266666666666667
0 0.7110078125 0.14982291666666664 0.014359374999999999 0.04172916666666667
0 0.121171875 0.16852083333333334 0.019375 0.076625
