0 0.110390625 0.7662916666666668 0.22078125 0.46291666666666664
0 0.8065546874999999 0.8043645833333334 0.15267187499999998 0.39127083333333335
0 0.214296875 0.6977916666666667 0.14328125 0.3554583333333333
0 0.942921875 0.6939791666666667 0.11415625 0.26016666666666666
0 0.0755859375 0.40597916666666667 0.021984375 0.09233333333333334
0 0.3044296875 0.6435729166666667 0.074984375 0.09864583333333334
0 0.7052578125 0.586 0.067703125 0.100375
0 0.64178125 0.5326666666666667 0.050875000000000004 0.05558333333333333
0 0.93925 0.8871354166666666 0.12068749999999999 0.2250625
0 0.5078515625 0.5809375 0.575109375 0.8116666666666668
0 0.8151015625000001 0.57240625 0.013140625 0.0200625
0 0.8653281249999999 0.7145 0.1153125 0.304125
