0 0.9191640624999999 0.5121585903083701 0.046484375 0.24158590308370045
0 0.8701562500000002 0.5354845814977974 0.076375 0.2874008810572687
0 0.6550859375 0.547511013215859 0.037734375 0.22308370044052864
0 0.62134375 0.5170814977973568 0.0463125 0.28394273127753306
0 0.380546875 0.5211784140969163 0.07859374999999999 0.25887665198237886
0 0.4471484375 0.522477973568282 0.07810937500000001 0.27640969162995593
0 0.16415624999999998 0.5177422907488987 0.024875 0.20759911894273128
0 0.2455546875 0.4539757709251101 0.024890625 0.10821585903083701
0 0.063109375 0.5582488986784141 0.09618750000000001 0.35751101321585904
0 0.0832578125 0.5066409691629956 0.043859375 0.2210352422907489
0 0.32282031250000004 0.5237224669603524 0.05014062500000001 0.23352422907488987
0 0.55346875 0.5294493392070485 0.037375000000000005 0.2433920704845815
