0 0.3712421875 0.5919895833333333 0.101859375 0.3950208333333334
0 0.7986640625000001 0.23908333333333334 0.032546874999999996 0.06254166666666666
0 0.941171875 0.2148958333333333 0.0378125 0.05633333333333333
0 0.6051640625 0.27909375000000003 0.025171875 0.058104166666666665
0 0.21612499999999998 0.2583958333333333 0.07521875 0.08424999999999999
0 0.07671875 0.24690624999999997 0.05225 0.08089583333333333
0 0.040695312500000004 0.24885416666666668 0.038109375 0.0845
0 0.611515625 0.11945833333333335 0.06425 0.07495833333333332
0 0.7067187500000001 0.2563958333333333 0.04065625 0.058083333333333334
0 0.8706015625000001 0.2326875 0.033953125 0.049708333333333334
0 0.9258124999999999 0.11852083333333334 0.0405625 0.074875
0 0.16217187500000002 0.30750000000000005 0.033187499999999995 0.049291666666666664
