0 0.42446874999999995 0.6630023364485981 0.3153125 0.47955607476635514
0 0.5739921875 0.38497663551401873 0.064953125 0.07093457943925234
0 0.301671875 0.4772313084112149 0.09803125 0.2721261682242991
0 0.2975078125 0.2517406542056075 0.14654687500000002 0.20918224299065422
0 0.49909375 0.2027336448598131 0.06425 0.07116822429906543
0 0.115203125 0.10740654205607476 0.04459375 0.13686915887850468
0 0.48130468749999994 0.38360981308411213 0.059640625 0.08231308411214952
0 0.7483984374999999 0.4898831775700934 0.342640625 0.7191121495327102
0 0.9411874999999998 0.25487149532710285 0.11421875 0.15740654205607477
0 0.8051875 0.22755841121495327 0.03528125 0.10549065420560748
0 0.1451171875 0.5969509345794393 0.266296875 0.6271728971962617
0 0.9784531249999999 0.2097196261682243 0.04309375 0.15
0 0.46992968749999997 0.23391355140186917 0.156140625 0.14469626168224298
