0 0.505414364640884 0.39375781249999997 0.9791160220994475 0.423765625
0 0.10472375690607734 0.29765625 0.20944751381215468 0.09293749999999999
0 0.18718232044198893 0.2725546875 0.06845303867403316 0.10067187500000001
0 0.8982044198895027 0.282234375 0.0656353591160221 0.10275000000000001
0 0.9391574585635358 0.2789921875 0.07024861878453038 0.096546875
0 0.15602209944751383 0.25915625000000003 0.036685082872928175 0.05671875
0 0.31584254143646406 0.254890625 0.05162983425414365 0.03159375
0 0.06569060773480663 0.402125 0.13022099447513813 0.1678125
0 0.9015469613259667 0.28118750000000003 0.03430939226519337 0.03259375
0 0.28454419889502763 0.30053125 0.11367403314917127 0.06003125
