0 0.5294375 0.398384074941452 0.0419375 0.06711943793911007
0 0.4979453125 0.4104918032786885 0.023984375 0.03550351288056206
0 0.477 0.40840749414519906 0.025281249999999998 0.04557377049180328
0 0.8731562500000001 0.3841217798594848 0.02340625 0.042903981264637
0 0.1741015625 0.6038992974238876 0.036859375 0.05168618266978923
0 0.4181015625000001 0.4244262295081967 0.019828125 0.030491803278688525
0 0.9225468750000001 0.3647892271662763 0.03821875 0.07074941451990632
0 0.456234375 0.42572599531615923 0.013500000000000002 0.015339578454332552
0 0.6275078125 0.3938173302107728 0.012921875 0.0082903981264637
0 0.2597421875 0.39606557377049184 0.027296874999999998 0.06473067915690867
0 0.9493671875 0.3792037470725996 0.017171875 0.04018735362997658
0 0.4663515625 0.40305620608899295 0.011921875 0.016557377049180328
0 0.32539843749999997 0.42347775175644026 0.015671875 0.02180327868852459
