0 0.058148437500000004 0.7910104166666666 0.11629687500000001 0.3910208333333333
0 0.3998671875 0.8563333333333333 0.099109375 0.28733333333333333
0 0.3581796875 0.8523958333333334 0.084078125 0.27129166666666665
0 0.2866875 0.84909375 0.07646875 0.2968541666666667
0 0.7236171875 0.8260104166666667 0.072109375 0.2039375
0 0.7801015625 0.8440729166666666 0.069703125 0.2885625
0 0.8293828125000001 0.8483958333333333 0.06879687500000001 0.25466666666666665
0 0.9244765625000001 0.8093541666666667 0.053421874999999994 0.192125
0 0.007531250000000001 0.3475729166666667 0.0145625 0.12202083333333333
0 0.990671875 0.7812395833333333 0.01865625 0.15202083333333333
0 0.364234375 0.7198437500000001 0.02790625 0.05514583333333333
0 0.49182031249999997 0.8215104166666667 0.034984375 0.08039583333333335
0 0.5148125 0.8213020833333332 0.0324375 0.07302083333333333
