0 0.617859375 0.5188020833333333 0.0466875 0.0688125
0 0.41051562500000005 0.26921875 0.03284375 0.05472916666666667
0 0.335296875 0.2894166666666667 0.02790625 0.04475
0 0.0200390625 0.5363958333333334 0.016484375000000002 0.08908333333333333
0 0.6005078125 0.212625 0.042953124999999995 0.07720833333333334
0 0.7212500000000001 0.25904166666666667 0.07275000000000001 0.04633333333333333
0 0.7399453125 0.26197916666666665 0.052265625 0.06841666666666667
0 0.24313281250000002 0.3166041666666667 0.019796875 0.030166666666666668
0 0.2163125 0.3153020833333333 0.017343749999999998 0.04114583333333333
0 0.377796875 0.28170833333333334 0.03096875 0.04725
0 0.715828125 0.5110104166666667 0.04821875 0.07322916666666666
0 0.032710937499999995 0.53096875 0.013953125 0.06460416666666667
0 0.006804687499999999 0.526875 0.013296875 0.04804166666666666
