0 0.4123046875 0.37095070422535215 0.059203125 0.21950704225352113
0 0.485046875 0.40167840375586855 0.07681249999999999 0.18673708920187793
0 0.6681874999999999 0.46035211267605636 0.05065625 0.27018779342723004
0 0.7078203125 0.48921361502347416 0.053515625 0.2999765258215963
0 0.767765625 0.48577464788732394 0.092625 0.37516431924882626
0 0.21174999999999997 0.5657042253521127 0.13515625 0.3199530516431925
0 0.8436953125000001 0.5851760563380282 0.167453125 0.3131220657276995
0 0.9108359375000001 0.7512676056338027 0.177640625 0.4937089201877934
0 0.5433125000000001 0.39271126760563385 0.0375 0.12542253521126762
0 0.37870312500000003 0.5066901408450704 0.14521875 0.3568075117370892
0 0.9678359375000001 0.36539906103286385 0.064328125 0.25413145539906107
0 0.3073359375 0.5019600938967136 0.055453125000000006 0.3665023474178404
0 0.5953828125 0.412300469483568 0.089390625 0.22784037558685447
