0 0.30632318501170963 0.836734375 0.16922716627634662 0.17671874999999998
0 0.7478805620608898 0.6428984375 0.08208430913348945 0.057703125
0 0.4627400468384074 0.634 0.11423887587822014 0.12475
0 0.5001288056206089 0.5686796875000001 0.0836768149882904 0.112453125
0 0.5273770491803279 0.46108593749999993 0.09934426229508198 0.101828125
0 0.5585128805620608 0.3766484375 0.07014051522248244 0.080015625
0 0.5539227166276346 0.31546875 0.05627634660421546 0.0361875
0 0.30107728337236533 0.4258671875 0.04899297423887588 0.037328125000000004
0 0.21418032786885247 0.5035703125 0.0924824355971897 0.047671875
0 0.7398594847775176 0.4176796875 0.02430913348946136 0.017734375
0 0.1111007025761124 0.7708359375 0.1331615925058548 0.151296875
0 0.750983606557377 0.71153125 0.11836065573770492 0.14278125
0 0.6544145199063232 0.7723359375 0.14873536299765808 0.161203125
