0 0.36933255269320847 0.572265625 0.01800936768149883 0.029218749999999998
0 0.4883021077283373 0.6071953125 0.026440281030444962 0.042390625
0 0.35673302107728333 0.7444609375 0.09491803278688525 0.140390625
0 0.6098711943793912 0.608671875 0.026721311475409838 0.04359375
0 0.5727400468384075 0.6113437500000001 0.023981264637002342 0.0426875
0 0.5118735362997658 0.719453125 0.08028103044496487 0.0870625
0 0.4640632318501171 0.71675 0.049344262295081966 0.087125
0 0.5232435597189695 0.606984375 0.027002341920374706 0.0540625
0 0.4442974238875878 0.6962890625 0.0359016393442623 0.078921875
0 0.5399414519906324 0.6627500000000001 0.03674473067915691 0.03965625
0 0.42012880562060895 0.7402734375000001 0.06053864168618267 0.11851562499999999
0 0.5383957845433255 0.641984375 0.03182669789227166 0.02615625
0 0.4428454332552693 0.5650156249999999 0.02292740046838407 0.032125
