0 0.7563934426229508 0.7577578125 0.08796252927400469 0.171484375
0 0.8925292740046838 0.7203359375 0.09269320843091335 0.096046875
0 0.4518149882903982 0.6666953125 0.00873536299765808 0.023546875000000002
0 0.4198360655737705 0.6703593750000001 0.011100702576112413 0.026125
0 0.40745901639344256 0.6706328125 0.015433255269320843 0.027546875
0 0.5048126463700234 0.670796875 0.013934426229508197 0.02359375
0 0.5649297423887588 0.6645234375 0.016276346604215456 0.024328125
0 0.8239929742388759 0.6680234375 0.022318501170960185 0.034140625
0 0.8318384074941452 0.6546953125 0.013138173302107729 0.020796875
0 0.1320374707259953 0.6804609375 0.017236533957845433 0.034171875000000004
0 0.2579274004683841 0.6896093750000001 0.019601873536299764 0.03178125
0 0.2865105386416862 0.6958046875 0.03433255269320843 0.049578125
0 0.8552224824355972 0.6545468750000001 0.012037470725995316 0.0221875
