0 0.55563 0.6134863945578232 0.13874 0.521326530612245
0 0.24674000000000001 0.45141156462585036 0.127 0.15078231292517005
0 0.33446000000000004 0.48705782312925167 0.0596 0.1714625850340136
0 0.4301 0.5620918367346939 0.10416 0.225952380952381
0 0.89654 0.6584353741496598 0.11231999999999999 0.606734693877551
0 0.77538 0.5661224489795919 0.13648 0.23034013605442177
0 0.62967 0.47942176870748293 0.038619999999999995 0.11000000000000001
0 0.52503 0.40840136054421766 0.03226 0.08700680272108843
0 0.2355 0.5218367346938776 0.10584 0.21333333333333332
0 0.96575 0.5742176870748299 0.0685 0.5656462585034014
0 0.09602000000000001 0.4538265306122449 0.07284 0.21173469387755103
0 0.47659999999999997 0.4990646258503401 0.06992 0.16670068027210883
0 0.37883999999999995 0.45409863945578227 0.032799999999999996 0.06282312925170068
