0 0.48475 0.4736885245901639 0.0374375 0.13393442622950819
0 0.5900390625 0.4579976580796253 0.031734374999999995 0.04161592505854801
0 0.662 0.4556088992974239 0.012687499999999999 0.025222482435597188
0 0.5660234375 0.4734660421545667 0.022609375 0.059297423887587825
0 0.543625 0.4843911007025761 0.0225625 0.08227166276346605
0 0.6441640625 0.4576463700234192 0.014484374999999999 0.02639344262295082
0 0.60228125 0.45622950819672126 0.01096875 0.02407494145199063
0 0.45679687500000005 0.4284777517564402 0.0248125 0.03531615925058548
0 0.6555156249999999 0.4493208430913349 0.005875 0.012271662763466043
0 0.621515625 0.45941451990632315 0.00775 0.02056206088992974
0 0.6129140625 0.4547423887587822 0.007734375 0.03206088992974239
0 0.6276875000000001 0.456615925058548 0.01653125 0.032622950819672134
0 0.5349062499999999 0.4594379391100702 0.00821875 0.02407494145199063
