0 0.4021484375 0.6392857142857142 0.174671875 0.20166276346604214
0 0.6604687499999999 0.7367915690866511 0.16675 0.2847775175644028
0 0.34900000000000003 0.6547658079625293 0.04109375 0.104192037470726
0 0.969328125 0.6852576112412179 0.061343749999999996 0.2598360655737705
0 0.827609375 0.8580444964871194 0.1469375 0.2606791569086651
0 0.19922656249999998 0.8217447306791569 0.276609375 0.35651053864168614
0 0.890265625 0.664672131147541 0.043625000000000004 0.15810304449648713
0 0.1709140625 0.5706674473067916 0.011734375 0.04943793911007026
0 0.12421093750000001 0.5746370023419204 0.022828124999999998 0.04903981264637003
0 0.09934375000000001 0.575304449648712 0.01390625 0.04583138173302108
