0 0.31334375000000003 0.37341920374707266 0.0674375 0.126135831381733
0 0.21700781249999998 0.5790281030444965 0.088453125 0.17711943793911006
0 0.20398437500000002 0.8249414519906323 0.18553124999999998 0.35011709601873536
0 0.10345312499999999 0.8056206088992974 0.20690624999999999 0.3662763466042155
0 0.10615625 0.5295081967213114 0.16196875 0.38697892271662765
0 0.4610390625 0.39526932084309135 0.061140625000000004 0.15812646370023417
0 0.6864687500000001 0.3821194379391101 0.11478124999999999 0.2417096018735363
0 0.9421249999999999 0.5095667447306792 0.11574999999999999 0.20971896955503513
0 0.25064843750000004 0.3516510538641686 0.050953125 0.1236768149882904
0 0.49572656249999997 0.3731733021077283 0.055859375 0.13950819672131148
0 0.21497656250000002 0.36524590163934423 0.064859375 0.1170023419203747
0 0.83496875 0.5092622950819672 0.08471875 0.1885480093676815
0 0.6451484375000001 0.43092505854800933 0.041515625 0.09285714285714286
