0 0.0566328125 0.6472441860465116 0.012140624999999999 0.05495348837209302
0 0.0307890625 0.6510232558139535 0.012640624999999999 0.05813953488372093
0 0.0634140625 0.6426976744186047 0.012078125 0.04944186046511628
0 0.041062499999999995 0.6436162790697676 0.010562499999999999 0.05481395348837209
0 0.0486171875 0.6231511627906976 0.005265625 0.0070465116279069765
0 0.8527421875 0.6236395348837209 0.018453125 0.08090697674418604
0 0.0253359375 0.6464302325581395 0.006578125 0.06346511627906977
0 0.048609374999999996 0.6499418604651162 0.00878125 0.04802325581395348
0 0.06127343750000001 0.6567790697674419 0.0044843750000000005 0.020255813953488373
0 0.017484375 0.6425465116279069 0.00828125 0.05095348837209302
