0 0.0792578125 0.42128805620608895 0.042640625 0.15166276346604216
0 0.21178124999999998 0.393231850117096 0.00965625 0.03320843091334894
0 0.3110078125 0.39908665105386415 0.009484375 0.045807962529274
0 0.2860625 0.39538641686182674 0.0078125 0.030538641686182668
0 0.23865625000000001 0.40296252927400467 0.007593750000000001 0.01646370023419204
0 0.296234375 0.39971896955503516 0.00709375 0.03362997658079625
0 0.403828125 0.39843091334894615 0.0043124999999999995 0.01873536299765808
0 0.20153906250000003 0.409367681498829 0.008421874999999999 0.019953161592505854
0 0.272671875 0.40224824355971894 0.0118125 0.03793911007025761
0 0.17638281249999999 0.4084543325526932 0.014765625 0.024028103044496485
0 0.5771015625 0.6418501170960187 0.22364062499999998 0.21723653395784545
0 0.030601562500000002 0.42297423887587826 0.023515625000000002 0.040327868852459016
