0 0.0637578125 0.3641041666666666 0.052046875000000006 0.15291666666666667
0 0.5761484375 0.3228125 0.068734375 0.29141666666666666
0 0.11575781249999999 0.30065625 0.017640625 0.052520833333333336
0 0.099328125 0.30051041666666667 0.013250000000000001 0.0321875
0 0.03509375 0.8185625 0.0701875 0.362875
0 0.086171875 0.29953124999999997 0.0085625 0.0348125
0 0.1337890625 0.3008958333333333 0.019578125 0.029083333333333336
0 0.043539062499999996 0.4230729166666667 0.08707812499999999 0.21102083333333335
0 0.025265625000000003 0.31909375 0.03796875 0.11585416666666666
0 0.4867109375 0.37465624999999997 0.16498437500000002 0.3066041666666666
0 0.5240234375 0.26104166666666667 0.038953125 0.10129166666666665
