0 0.5420234374999999 0.5726932084309133 0.247359375 0.6584074941451991
0 0.34090625 0.4916393442622951 0.12787500000000002 0.36847775175644026
0 0.46364062500000003 0.4857611241217799 0.11474999999999999 0.37662763466042154
0 0.7103671875 0.687857142857143 0.20520312500000001 0.40423887587822016
0 0.8952734375 0.6225292740046838 0.20945312500000002 0.5656674473067915
0 0.873296875 0.4408665105386417 0.12925 0.615128805620609
0 0.17764843749999998 0.5220257611241218 0.085515625 0.20011709601873537
0 0.374578125 0.2088992974238876 0.10118750000000001 0.10711943793911008
0 0.956515625 0.22370023419203747 0.08528125 0.11555035128805621
0 0.0325546875 0.11585480093676814 0.064234375 0.08023419203747072
0 0.465125 0.2142622950819672 0.0853125 0.09728337236533957
0 0.6644609375 0.22175644028103045 0.071140625 0.10857142857142857
0 0.056320312500000004 0.5389695550351289 0.11264062500000001 0.2571428571428571
