0 0.5150078125 0.6101170960187353 0.44829687500000004 0.7797658079625293
0 0.9346718749999999 0.5576346604215457 0.05596875 0.15747072599531614
0 0.1697109375 0.2705854800936768 0.043171875 0.07231850117096018
0 0.33915625 0.28032786885245903 0.0609375 0.11292740046838408
0 0.8373828124999999 0.5850234192037471 0.079015625 0.10747072599531617
0 0.28433593749999997 0.3441686182669789 0.064359375 0.13072599531615925
0 0.6178671875 0.26697892271662765 0.058078125 0.09723653395784544
0 0.5534296875000001 0.14078454332552692 0.065140625 0.15412177985948478
0 0.37863281249999997 0.6067447306791569 0.080796875 0.07864168618266978
0 0.095703125 0.39004683840749416 0.05443750000000001 0.09789227166276346
0 0.22967187500000003 0.43229508196721306 0.0594375 0.16533957845433253
0 0.038265625000000004 0.4622365339578454 0.05909375 0.13524590163934427
0 0.8136328125000001 0.5182669789227167 0.064328125 0.09836065573770492
