0 0.40507031250000003 0.5128621495327103 0.051484375000000006 0.13740654205607478
0 0.43404687500000005 0.635070093457944 0.073875 0.27116822429906545
0 0.6652109375 0.5286565420560747 0.018078125 0.07628504672897196
0 0.6550312500000001 0.49528037383177576 0.034499999999999996 0.11280373831775702
0 0.6782578125 0.587803738317757 0.024234375 0.044672897196261684
0 0.9003046875 0.5626985981308411 0.023328124999999998 0.07156542056074766
0 0.46128125000000003 0.40309579439252335 0.011625 0.03726635514018691
0 0.49232812499999995 0.4063434579439253 0.01096875 0.040677570093457946
0 0.3032109375 0.35219626168224294 0.003296875 0.014205607476635514
0 0.3144609375 0.36352803738317757 0.009390625 0.03602803738317757
0 0.9234375 0.4273831775700935 0.0035312499999999997 0.01369158878504673
