0 0.4496015625 0.94596875 0.109984375 0.10685416666666667
0 0.24471875 0.932875 0.029343750000000002 0.10883333333333334
0 0.18021875 0.9446770833333333 0.0983125 0.11064583333333333
0 0.0316328125 0.9666875 0.055453125000000006 0.066625
0 0.2683359375 0.9118333333333334 0.018734375 0.0685
0 0.9741484375 0.9242812499999999 0.017390625 0.08731249999999999
0 0.2118515625 0.9121979166666667 0.020890625 0.06635416666666667
0 0.4671171875000001 0.9382395833333332 0.057171875000000004 0.12352083333333333
0 0.28021875 0.8899270833333334 0.016875 0.0420625
0 0.5356640625 0.9398958333333334 0.063234375 0.12020833333333333
0 0.059078125 0.9410312500000001 0.05440625 0.1173125
0 0.49300781250000003 0.9035208333333333 0.018703125 0.04775
0 0.1465546875 0.8887395833333334 0.010703124999999999 0.018687500000000003
