0 0.45273 0.6831381381381382 0.33974 0.36405405405405405
0 0.74316 0.5542942942942942 0.21036000000000002 0.2789189189189189
0 0.21078 0.5315015015015015 0.19 0.24606606606606607
0 0.73805 0.4985285285285285 0.07881999999999999 0.21519519519519517
0 0.9136099999999999 0.43250750750750755 0.08886 0.14825825825825825
0 0.06849 0.08265765765765766 0.03598 0.08759759759759761
0 0.05189 0.08611111111111111 0.0293 0.0976876876876877
0 0.6836 0.01771771771771772 0.01748 0.030930930930930932
0 0.31935 0.030225225225225225 0.01634 0.06045045045045045
0 0.73281 0.021066066066066064 0.01954 0.04213213213213213
0 0.76335 0.013198198198198197 0.02054 0.026396396396396394
0 0.70546 0.022492492492492494 0.019600000000000003 0.043483483483483486
