0 0.6781484375 0.7633125 0.037703125 0.12766666666666668
0 0.3357734375 0.70803125 0.018828125 0.050520833333333334
0 0.645140625 0.4851145833333333 0.005187499999999999 0.013395833333333333
0 0.8965156250000001 0.7320833333333333 0.022125 0.06675
0 0.22930468750000005 0.46317708333333335 0.005140625 0.014520833333333334
0 0.8335859375 0.7316249999999999 0.016953125 0.06208333333333334
0 0.9285 0.7268229166666667 0.02359375 0.06293750000000001
0 0.9411953125 0.7335729166666667 0.016484375000000002 0.05514583333333333
0 0.21793750000000003 0.46022916666666663 0.0063125 0.016375
0 0.95628125 0.73365625 0.016843749999999998 0.050979166666666666
