0 0.2694453125 0.77275 0.035265625 0.10979166666666668
0 0.3151796875 0.745375 0.022640625 0.07729166666666668
0 0.40164062500000003 0.7613645833333333 0.045906249999999996 0.1274375
0 0.706421875 0.7623541666666667 0.039468750000000004 0.140875
0 0.5531484375000001 0.7361354166666667 0.020046875 0.057479166666666665
0 0.51309375 0.7288020833333333 0.01428125 0.052187500000000005
0 0.9447656249999999 0.7101875 0.0134375 0.031208333333333334
0 0.4317109375 0.7360104166666666 0.014859375 0.04872916666666667
0 0.324515625 0.7445208333333333 0.00575 0.008083333333333333
0 0.57296875 0.7195729166666668 0.012968750000000001 0.0446875
0 0.9890156249999998 0.7138333333333334 0.013843749999999998 0.052000000000000005
0 0.919359375 0.7324479166666668 0.01853125 0.0761875
0 0.9570546875 0.7056041666666667 0.011234375000000001 0.03270833333333333
