0 0.5134531250000001 0.401787109375 0.24284374999999997 0.54146484375
0 0.3752265625 0.58521484375 0.045578125000000004 0.1885546875
0 0.341609375 0.5812890625 0.04765625 0.1977734375
0 0.24972656249999997 0.586376953125 0.033390625 0.18701171875
0 0.2921328125 0.588759765625 0.052140624999999996 0.17978515625
0 0.6791953125 0.583056640625 0.045078125000000004 0.17318359375
0 0.72846875 0.580205078125 0.04496875 0.17966796875
0 0.6298984375 0.5886816406250001 0.039671875 0.17107421875
0 0.48464062500000005 0.58216796875 0.0494375 0.18328125
0 0.5167421875 0.572109375 0.031796875 0.1610546875
0 0.7569765625 0.58994140625 0.022453124999999997 0.154296875
0 0.5836250000000001 0.639404296875 0.04990625 0.08595703125
0 0.41079687500000006 0.57705078125 0.029343750000000002 0.195625
