0 0.6096714285714285 0.66296 0.24345714285714284 0.41864
0 0.8361999999999998 0.55022 0.08834285714285715 0.14604
0 0.2370142857142857 0.50903 0.09957142857142857 0.16197999999999999
0 0.29945714285714287 0.46559000000000006 0.06582857142857143 0.0517
0 0.16842857142857143 0.46420999999999996 0.06531428571428571 0.0689
0 0.1527857142857143 0.53625 0.05231428571428571 0.10942
0 0.11794285714285714 0.47114 0.046571428571428576 0.06824
0 0.5091142857142857 0.46347 0.0332 0.03742
0 0.30367142857142854 0.5290600000000001 0.0394 0.11776
0 0.08238571428571428 0.46294 0.01957142857142857 0.0638
0 0.09037142857142857 0.5342100000000001 0.03685714285714286 0.11878
0 0.5968428571428571 0.50713 0.044257142857142856 0.08002
0 0.4209142857142857 0.5316000000000001 0.04428571428571428 0.0876
