0 0.6171532091097308 0.4988762886597938 0.7333540372670807 0.9662886597938144
0 0.2451345755693582 0.2079175257731959 0.1325879917184265 0.1467216494845361
0 0.39944099378881986 0.11478350515463918 0.0836024844720497 0.1316701030927835
0 0.4822256728778468 0.10681443298969072 0.10975155279503106 0.11845360824742268
0 0.9138819875776398 0.44988659793814434 0.15343685300207038 0.3348247422680412
0 0.9663457556935818 0.19058762886597938 0.06142857142857143 0.12237113402061855
0 0.08909937888198757 0.18709278350515463 0.10233954451345756 0.12890721649484538
0 0.38879917184265006 0.19069072164948453 0.08322981366459628 0.0651340206185567
0 0.31012422360248443 0.29670103092783506 0.08699792960662527 0.12569072164948453
0 0.05230848861283644 0.3218144329896907 0.09902691511387163 0.1099381443298969
0 0.8159730848861284 0.30972164948453607 0.07546583850931678 0.11552577319587629
0 0.8927950310559006 0.20519587628865982 0.1075776397515528 0.1071340206185567
0 0.9160351966873707 0.17446391752577323 0.09356107660455486 0.1511134020618557
