0 0.6019218749999999 0.3811297071129707 0.012375 0.048033472803347285
0 0.6176406249999999 0.9060564853556484 0.11078125000000001 0.15956066945606695
0 0.076921875 0.921255230125523 0.15384375 0.15748953974895397
0 0.63853125 0.22551255230125522 0.00859375 0.015543933054393305
0 0.6225390625 0.3037656903765691 0.009328125 0.022343096234309624
0 0.47689062500000007 0.24885983263598327 0.01203125 0.030899581589958158
0 0.4422890625 0.24083682008368199 0.008421874999999999 0.015648535564853558
0 0.431171875 0.22343096234309623 0.010374999999999999 0.021631799163179918
0 0.6352890625000001 0.5371757322175732 0.080015625 0.1792468619246862
0 0.20842968749999996 0.9435251046025105 0.086859375 0.08721757322175731
0 0.2754765625 0.38526150627615063 0.010515625 0.047635983263598324
0 0.0624609375 0.4178974895397489 0.033796875 0.044916317991631795
0 0.42185937500000004 0.9559414225941423 0.16159375 0.08811715481171548
