0 0.6138046875 0.7741004672897196 0.015015625 0.03114485981308411
0 0.53571875 0.7554906542056076 0.01075 0.0305607476635514
0 0.525578125 0.7539836448598132 0.00984375 0.03259345794392523
0 0.6392031250000001 0.7761214953271028 0.02296875 0.030280373831775703
0 0.879875 0.7635163551401868 0.01109375 0.043247663551401874
0 0.8453046875 0.7554906542056076 0.007953125 0.034392523364485984
0 0.434890625 0.7780841121495328 0.012531249999999999 0.029953271028037385
0 0.8545703125000002 0.761179906542056 0.006953125 0.0380607476635514
0 0.9198437500000001 0.762196261682243 0.007062499999999999 0.023084112149532713
0 0.394578125 0.7658294392523364 0.0083125 0.05380841121495327
0 0.3710703125 0.7650467289719626 0.012234375 0.05672897196261682
0 0.34981249999999997 0.7641471962616823 0.0119375 0.06357476635514019
