0 0.5949453124999999 0.41348958333333324 0.286515625 0.5438124999999999
0 0.4551484375 0.33445833333333336 0.24685937500000002 0.34608333333333335
0 0.29519531250000003 0.2689375 0.101640625 0.17954166666666668
0 0.135078125 0.5957708333333334 0.27015625 0.8084583333333334
0 0.07824218749999999 0.34065625 0.108453125 0.18839583333333335
0 0.75028125 0.44494791666666667 0.4994375 0.7415625
0 0.4028125 0.09213541666666666 0.09775 0.18427083333333333
0 0.5966250000000001 0.14943749999999997 0.09775 0.289875
0 0.7298203125 0.08968749999999999 0.137890625 0.174875
0 0.2414921875 0.25213541666666667 0.043734375 0.07002083333333334
0 0.346875 0.26135416666666667 0.09546875 0.18658333333333335
