0 0.3788203125 0.6032708333333333 0.171109375 0.56825
0 0.6824296875 0.593 0.10785937500000001 0.42695833333333333
0 0.7456562499999999 0.5482395833333332 0.06725 0.3277291666666667
0 0.9122656249999999 0.5138229166666667 0.10759375 0.3357291666666667
0 0.9162890625000001 0.7584270833333332 0.167421875 0.46068749999999997
0 0.586171875 0.4925520833333333 0.04628125 0.15147916666666666
0 0.832453125 0.46815624999999994 0.07025 0.1809375
0 0.49284375 0.513625 0.04153125 0.13154166666666667
0 0.46996874999999994 0.49528124999999995 0.02275 0.0851875
0 0.5137265624999999 0.4910625 0.040453125 0.111875
0 0.7797578125 0.4793854166666666 0.039359375 0.1701875
0 0.9315546874999999 0.45309375 0.136890625 0.2818125
0 0.6316328125 0.487375 0.042828125 0.12241666666666666
