0 0.67365625 0.5628541666666667 0.031875 0.14541666666666667
0 0.5402890625000001 0.5142916666666667 0.006640625 0.024833333333333332
0 0.15424218750000002 0.5843229166666666 0.029203125000000003 0.10322916666666666
0 0.8657187500000001 0.6153333333333334 0.0679375 0.239
0 0.7551484374999999 0.5533229166666668 0.023921875000000002 0.10422916666666666
0 0.8345390625 0.5702083333333333 0.041015625 0.164625
0 0.0933984375 0.6770208333333334 0.134984375 0.3627916666666666
0 0.44759375000000007 0.50584375 0.00540625 0.0135625
0 0.5151328125 0.53540625 0.017765625 0.05997916666666667
0 0.6332578125 0.5464479166666667 0.029078125 0.11264583333333333
0 0.7283359375 0.5491666666666667 0.019984375 0.10458333333333333
0 0.783296875 0.5631979166666667 0.0305 0.11939583333333334
0 0.5945078125000001 0.5246145833333333 0.017890625 0.04847916666666666
