0 0.25140625 0.15101041666666667 0.01896875 0.0589375
0 0.38722656250000004 0.14 0.020578125 0.07391666666666666
0 0.4328437500000001 0.13678125 0.018125 0.06739583333333334
0 0.46246875000000004 0.12748958333333332 0.01165625 0.05502083333333333
0 0.5431640625 0.1261875 0.011078125 0.059625000000000004
0 0.5689765625000001 0.1313541666666667 0.009921875 0.03179166666666667
0 0.3281796875 0.14969791666666668 0.018484375 0.051145833333333335
0 0.35624218750000003 0.13991666666666666 0.025390625 0.06841666666666667
0 0.33695312499999996 0.12829166666666666 0.02690625 0.097375
0 0.2853046875 0.14075000000000001 0.023515625000000002 0.063875
