0 0.7376171875 0.506537558685446 0.340921875 0.986924882629108
0 0.4853828125 0.6011267605633802 0.33654687499999997 0.7483098591549295
0 0.23677343750000004 0.6169014084507043 0.036578125 0.06633802816901409
0 0.144828125 0.665399061032864 0.01990625 0.07591549295774648
0 0.06446093750000001 0.655093896713615 0.096921875 0.30107981220657276
0 0.10089062499999998 0.6234272300469483 0.034499999999999996 0.09004694835680752
0 0.21478906250000002 0.6498826291079811 0.018859375 0.06760563380281691
0 0.3215859375 0.7094953051643192 0.038828125000000005 0.07955399061032864
0 0.2929609375 0.6870892018779342 0.034265625 0.10708920187793426
0 0.265515625 0.6719835680751174 0.0383125 0.16570422535211268
0 0.3347109375 0.6562089201877934 0.049828125 0.1761737089201878
0 0.8953593750000002 0.6357511737089203 0.1405 0.4826760563380282
0 0.182421875 0.6729107981220657 0.0424375 0.1072300469483568
