0 0.5835833333333333 0.38090625 0.478375 0.4255
0 0.3847291666666667 0.2126015625 0.11195833333333334 0.171140625
0 0.19302083333333334 0.3377890625 0.11879166666666667 0.055671875
0 0.323625 0.2963984375 0.082375 0.12882812500000002
0 0.6025833333333334 0.1762109375 0.07720833333333334 0.128203125
0 0.9306145833333334 0.29372656249999995 0.09189583333333333 0.15423437499999998
0 0.6738333333333333 0.3768671875 0.15954166666666666 0.372234375
0 0.7941874999999999 0.29115625 0.07745833333333334 0.15325
0 0.19874999999999998 0.26528125 0.0605 0.10353125
0 0.15510416666666668 0.26551562500000003 0.03925 0.09962499999999999
0 0.466875 0.211078125 0.0415 0.04634375
0 0.01954166666666667 0.28796093749999996 0.03908333333333334 0.145234375
