3 0.21614583333333334 0.8379629629629629 0.05260416666666667 0.09351851851851851
27 0.04635416666666667 0.8638888888888889 0.03958333333333333 0.07037037037037037
17 0.5526041666666667 0.2740740740740741 0.058854166666666666 0.10462962962962963
16 0.7911458333333333 0.5990740740740741 0.0484375 0.08611111111111111
5 0.1828125 0.3851851851851852 0.0484375 0.08611111111111111
38 0.07604166666666666 0.5333333333333333 0.04375 0.07777777777777778
3 0.2015625 0.6388888888888888 0.044270833333333336 0.0787037037037037
37 0.6963541666666667 0.6759259259259259 0.0234375 0.041666666666666664
39 0.6994791666666667 0.13055555555555556 0.057291666666666664 0.10185185185185185
3 0.022395833333333334 0.3148148148148148 0.026041666666666668 0.046296296296296294
