7 0.5401041666666667 0.14907407407407408 0.024479166666666666 0.04351851851851852
37 0.959375 0.42407407407407405 0.04583333333333333 0.08148148148148149
3 0.534375 0.9277777777777778 0.057291666666666664 0.10185185185185185
5 0.2994791666666667 0.16111111111111112 0.05260416666666667 0.09351851851851851
3 0.1109375 0.6037037037037037 0.0671875 0.11944444444444445
5 0.11510416666666666 0.275 0.0421875 0.075
37 0.21927083333333333 0.39814814814814814 0.05677083333333333 0.10092592592592593
24 0.9802083333333333 0.9212962962962963 0.0328125 0.058333333333333334
3 0.39739583333333334 0.8694444444444445 0.0328125 0.058333333333333334
16 0.7609375 0.30462962962962964 0.03697916666666667 0.06574074074074074
