3 0.9135416666666667 0.6018518518518519 0.0328125 0.058333333333333334
10 0.5536458333333333 0.1925925925925926 0.034375 0.06111111111111111
16 0.17864583333333334 0.899074074074074 0.0484375 0.08611111111111111
35 0.7213541666666666 0.9675925925925926 0.030729166666666665 0.05462962962962963
38 0.37604166666666666 0.08611111111111111 0.05572916666666667 0.09907407407407408
18 0.26614583333333336 0.5314814814814814 0.026041666666666668 0.046296296296296294
3 0.8083333333333333 0.27870370370370373 0.042708333333333334 0.07592592592592592
29 0.496875 0.8888888888888888 0.0453125 0.08055555555555556
12 0.030208333333333334 0.3888888888888889 0.04479166666666667 0.07962962962962963
18 0.9395833333333333 0.9657407407407408 0.033854166666666664 0.06018518518518518
