13 0.5505208333333333 0.7490740740740741 0.03333333333333333 0.05925925925925926
36 0.34375 0.05925925925925926 0.05625 0.1
12 0.81875 0.9351851851851852 0.0546875 0.09722222222222222
30 0.7427083333333333 0.6537037037037037 0.029166666666666667 0.05185185185185185
26 0.13333333333333333 0.6296296296296297 0.04739583333333333 0.08425925925925926
11 0.30104166666666665 0.49907407407407406 0.036458333333333336 0.06481481481481481
6 0.115625 0.8444444444444444 0.025 0.044444444444444446
25 0.5223958333333333 0.1648148148148148 0.034895833333333334 0.062037037037037036
12 0.6255208333333333 0.225 0.03229166666666667 0.05740740740740741
6 0.840625 0.2361111111111111 0.0296875 0.05277777777777778
