13 0.9291666666666667 0.46574074074074073 0.024479166666666666 0.04351851851851852
16 0.3338541666666667 0.04351851851851852 0.0359375 0.06388888888888888
13 0.2520833333333333 0.37962962962962965 0.030208333333333334 0.053703703703703705
3 0.9234375 0.7351851851851852 0.03125 0.05555555555555555
12 0.48541666666666666 0.6481481481481481 0.040625 0.07222222222222222
32 0.9171875 0.13796296296296295 0.0234375 0.041666666666666664
19 0.03229166666666667 0.21481481481481482 0.042708333333333334 0.07592592592592592
38 0.5375 0.34629629629629627 0.059895833333333336 0.10648148148148148
3 0.6296875 0.8277777777777777 0.04635416666666667 0.0824074074074074
3 0.7947916666666667 0.5675925925925925 0.033854166666666664 0.06018518518518518
