27 0.4557291666666667 0.4527777777777778 0.03854166666666667 0.06851851851851852
3 0.9348958333333334 0.15462962962962962 0.0625 0.1111111111111111
34 0.671875 0.3962962962962963 0.023958333333333335 0.04259259259259259
23 0.95625 0.5583333333333333 0.04739583333333333 0.08425925925925926
27 0.4270833333333333 0.8333333333333334 0.04739583333333333 0.08425925925925926
3 0.1390625 0.4046296296296296 0.0640625 0.11388888888888889
3 0.22395833333333334 0.5648148148148148 0.04010416666666667 0.0712962962962963
5 0.10104166666666667 0.7685185185185185 0.0390625 0.06944444444444445
3 0.875 0.7638888888888888 0.046875 0.08333333333333333
3 0.2171875 0.22037037037037038 0.05 0.08888888888888889
