9 0.25236718750000003 0.6823481308411216 0.021046875 0.07039719626168224
9 0.5825546875 0.5170443925233644 0.009953125 0.04530373831775701
9 0.43009375 0.46504672897196264 0.00696875 0.027710280373831775
9 0.21875 0.48272196261682243 0.01575 0.024742990654205606
9 0.80475 0.4775934579439252 0.01096875 0.029018691588785048
9 0.2615234375 0.4123714953271028 0.007078125 0.008995327102803739
9 0.6824843749999999 0.47200934579439247 0.0121875 0.033037383177570094
9 0.6998671875 0.46647196261682244 0.007109374999999999 0.02682242990654206
9 0.20642968749999996 0.4837967289719627 0.009015625 0.02563084112149533
9 0.5127421875 0.4712733644859813 0.005328125 0.011004672897196262
9 0.5012890625 0.4709579439252336 0.006953125 0.017523364485981307
9 0.903515625 0.44809579439252334 0.0119375 0.013014018691588785