9 0.648498985801217 0.3828671875 0.07764705882352942 0.06639062500000001
9 0.8212068965517242 0.4662890625 0.13709939148073022 0.159546875
9 0.8751724137931034 0.275125 0.09999999999999999 0.12256249999999999
9 0.5309432048681542 0.134453125 0.11669371196754565 0.1438125
9 0.6903042596348884 0.168796875 0.0852738336713996 0.14075
9 0.8340466531440163 0.1665625 0.07308316430020284 0.11446875000000001
9 0.7255983772819473 0.532375 0.08636916835699797 0.13671875
9 0.4352738336713996 0.22557812500000002 0.08454361054766735 0.15084375
9 0.7463083164300203 0.3172578125 0.06620689655172414 0.137546875
9 0.5134381338742393 0.31229687500000003 0.07791075050709939 0.1036875
9 0.32767748478701825 0.3034296875 0.08448275862068966 0.15657812499999998
9 0.43640973630831636 0.48785156250000006 0.08600405679513184 0.15032812499999998
9 0.336815415821501 0.5290625 0.07890466531440161 0.14428125