9 0.5354375 0.3946135831381733 0.0190625 0.04627634660421546
9 0.24464062500000003 0.3831264637002342 0.013343749999999998 0.04494145199063232
9 0.6143828125 0.2977634660421546 0.017140625 0.05669789227166277
9 0.509921875 0.28236533957845433 0.0198125 0.08791569086651053
9 0.28016406250000003 0.4015339578454332 0.008546874999999999 0.025081967213114755
9 0.7861171875 0.38806791569086646 0.012859375000000001 0.027845433255269322
9 0.5044140625 0.39155737704918037 0.015453125000000002 0.03622950819672131
9 0.8691875 0.3761241217798595 0.013718749999999998 0.03899297423887588
9 0.9928281250000002 0.26230679156908665 0.014343749999999999 0.06971896955503513
9 0.4340781249999999 0.43444964871194375 0.0063437499999999996 0.026370023419203747
9 0.6159765625 0.4268735362997658 0.007171874999999999 0.021475409836065575
9 0.27161718749999997 0.41699063231850114 0.007546875 0.02597189695550351
9 0.75459375 0.4171311475409836 0.008875 0.03697892271662763