9 0.45021875 0.20725848563968668 0.020374999999999997 0.0764490861618799
9 0.315046875 0.22421671018276762 0.01865625 0.06989556135770235
9 0.24343750000000003 0.3505483028720626 0.01196875 0.05368146214099216
9 0.07567968750000001 0.2289164490861619 0.020421875 0.0691644908616188
9 0.7346953125 0.35422976501305486 0.009921875 0.04073107049608355
9 0.8124453124999998 0.34936031331592693 0.009890625 0.04378590078328982
9 0.2870234375 0.35407310704960837 0.010953125 0.05070496083550914
9 0.13985156250000003 0.3312924281984334 0.009453125 0.049164490861618795
9 0.19353125000000002 0.2335509138381201 0.01740625 0.06950391644908617
9 0.93490625 0.3371932114882506 0.00815625 0.04185378590078329
9 0.191015625 0.33947780678851175 0.013375000000000001 0.047780678851174936