9 0.6636953125 0.32098958333333333 0.022703124999999998 0.08260416666666666
9 0.4421640625 0.32456250000000003 0.019078125 0.09708333333333334
9 0.3648359375 0.48321875 0.019609375000000002 0.0596875
9 0.5114296875 0.5588854166666668 0.019984375 0.024645833333333332
9 0.47315625 0.5669583333333333 0.01853125 0.0235
9 0.4053046875 0.6509687500000001 0.004359375 0.0168125
9 0.4908437500000001 0.6550729166666667 0.00596875 0.0090625
9 0.44416406249999996 0.65409375 0.005265625 0.013729166666666666
9 0.558921875 0.5589479166666667 0.01028125 0.03722916666666667
9 0.23424218749999998 0.49002083333333335 0.016796875 0.041
9 0.42670312499999996 0.6498541666666667 0.0043749999999999995 0.013625
9 0.45405468750000005 0.6840937500000001 0.001953125 0.0068125