9 0.4755234375 0.5371979166666666 0.009765625 0.025895833333333333
9 0.608984375 0.3845208333333333 0.013843749999999998 0.04554166666666667
9 0.098203125 0.4326979166666666 0.01625 0.060145833333333336
9 0.11980468749999999 0.4308229166666667 0.017828125 0.0469375
9 0.5238203125 0.5681458333333332 0.0063281249999999995 0.009916666666666666
9 0.66140625 0.5188541666666667 0.0098125 0.02575
9 0.66259375 0.5013645833333333 0.00665625 0.008729166666666668
9 0.6912499999999999 0.5522395833333333 0.0075 0.011020833333333334
9 0.728984375 0.5443541666666667 0.00703125 0.009375
9 0.6555390625 0.5520208333333334 0.006453125 0.017166666666666667
9 0.6253984375000001 0.5587812500000001 0.006546875000000001 0.017104166666666667
9 0.6093359375 0.5559375000000001 0.005640625 0.009375
9 0.77534375 0.49940625 0.0095 0.0260625