9 0.25712999999999997 0.31478666666666666 0.01414 0.018853333333333333
9 0.5607099999999999 0.21296 0.019620000000000002 0.06624
9 0.31682 0.1154 0.03392 0.05149333333333333
9 0.41544 0.08476 0.008119999999999999 0.014799999999999999
9 0.77481 0.23776 0.022539999999999998 0.04858666666666667
9 0.8796 0.18836000000000003 0.03524 0.041093333333333336
9 0.22688 0.1688 0.026920000000000003 0.030666666666666665
9 0.09259999999999999 0.5259199999999999 0.04444 0.04938666666666667
9 0.43918 0.36890666666666666 0.028120000000000003 0.08213333333333334
9 0.5269199999999999 0.03642666666666667 0.01128 0.008586666666666668
9 0.85211 0.3815466666666667 0.0125 0.08336