9 0.68596875 0.6326781002638522 0.0074062500000000005 0.023562005277044853
9 0.725578125 0.6407387862796834 0.006812500000000001 0.040844327176781006
9 0.1468046875 0.6677836411609499 0.0063593750000000004 0.00970976253298153
9 0.11652343750000001 0.6732058047493404 0.006296875 0.021556728232189973
9 0.21578124999999998 0.6105540897097624 0.00984375 0.02907651715039578
9 0.17096875 0.7446306068601583 0.00553125 0.01
9 0.7246171875 0.6249472295514512 0.006984374999999999 0.014274406332453827
9 0.14634375 0.6789050131926122 0.00296875 0.008522427440633246
9 0.7464765625 0.722401055408971 0.003078125 0.00812664907651715
9 0.753734375 0.7216094986807388 0.0032187500000000003 0.005277044854881266
9 0.6893203124999999 0.6538258575197889 0.006921874999999999 0.01978891820580475