2 0.5253828125 0.7998854166666667 0.11564062500000001 0.08864583333333333
2 0.3668125 0.7781041666666667 0.08134375 0.07070833333333333
2 0.3190546875 0.77240625 0.053078125 0.059062500000000004
2 0.08052343749999999 0.7614062500000001 0.091640625 0.04052083333333333
2 0.1341328125 0.7459687500000001 0.021109375 0.024354166666666666
2 0.1803671875 0.7568958333333333 0.022453124999999997 0.025541666666666667
2 0.22353125000000001 0.7599270833333333 0.03740625 0.03735416666666667
2 0.1970390625 0.7588124999999999 0.011921875 0.034458333333333334
2 0.165265625 0.75715625 0.0201875 0.022895833333333334
2 0.1524296875 0.7523229166666667 0.020765625 0.024479166666666666
2 0.20779687500000002 0.7567291666666666 0.01509375 0.03520833333333333
2 0.0424921875 0.7557604166666667 0.034765625 0.0319375