2 0.7526406250000001 0.893255269320843 0.47078125000000004 0.19100702576112413
2 0.5056406250000001 0.8758665105386417 0.2170625 0.2429742388758782
2 0.48952343750000005 0.7207845433255269 0.094453125 0.07416861826697893
2 0.5852109375000001 0.7190983606557377 0.091734375 0.07121779859484778
2 0.4467890625 0.6894730679156909 0.044984375 0.04573770491803279
2 0.40774999999999995 0.7040281030444965 0.057374999999999995 0.05353629976580796
2 0.3272578125 0.667423887587822 0.009140625 0.04107728337236534
2 0.30549218749999996 0.7448126463700233 0.08935937499999999 0.09257611241217799
2 0.28028125 0.7131381733021077 0.046875 0.0702576112412178
2 0.38151562499999997 0.6801405152224823 0.0405625 0.044590163934426226
2 0.2675546875 0.6572599531615926 0.026609375 0.027962529274004683
2 0.292609375 0.6677868852459016 0.021593750000000002 0.017681498829039813