2 0.0688125 0.6325000000000001 0.137375 0.0970625
2 0.28744791666666664 0.5963281250000001 0.0696875 0.0380625
2 0.3518541666666667 0.6418046875 0.12445833333333334 0.097921875
2 0.3850208333333333 0.5759921875 0.05483333333333333 0.035828125
2 0.8913333333333334 0.6259921875000001 0.21733333333333332 0.076296875
2 0.8428125000000001 0.5962421874999999 0.107625 0.045015625
2 0.7563645833333333 0.6063828124999999 0.1661875 0.067609375
2 0.9773333333333334 0.647484375 0.04533333333333334 0.08915625
2 0.6989895833333333 0.5899296875 0.11347916666666666 0.034109375
2 0.3471666666666666 0.5874921875 0.5405 0.039203125
2 0.12108333333333333 0.877375 0.24216666666666667 0.24525000000000002
2 0.28558333333333336 0.5775 0.057374999999999995 0.02225