2 0.52623 0.62992 0.11822 0.12197333333333334
2 0.36246 0.8160799999999999 0.7153999999999999 0.36784
2 0.65153 0.5928666666666667 0.1829 0.1204
2 0.41991 0.6091866666666667 0.041460000000000004 0.09005333333333335
2 0.33603 0.58868 0.3897 0.14120000000000002
2 0.31775 0.5644533333333334 0.08006 0.09392
2 0.21241 0.552 0.05198 0.06629333333333333
2 0.7037 0.7506133333333334 0.58888 0.3851733333333333
2 0.42267 0.5936133333333334 0.10962000000000001 0.10509333333333333
2 0.28583 0.55836 0.07701999999999999 0.09885333333333333
2 0.28313 0.5079333333333333 0.05398 0.03154666666666667
2 0.82424 0.5373866666666667 0.10912000000000001 0.05146666666666667
2 0.33911 0.5731866666666666 0.08694 0.08749333333333334