2 0.6869765625 0.5151041666666667 0.047453125 0.028
2 0.5447421875 0.5053854166666667 0.023515625000000002 0.020770833333333336
2 0.5447968750000001 0.5057083333333333 0.022625 0.022541666666666668
2 0.49228125 0.5173125 0.0210625 0.033625
2 0.2836875 0.54546875 0.047593750000000004 0.07785416666666665
2 0.50590625 0.5138437499999999 0.01840625 0.0284375
2 0.45632031249999994 0.5067708333333333 0.013765625 0.025125
2 0.5070234375 0.4802916666666667 0.008828125000000001 0.007916666666666666
2 0.5323984374999999 0.5016145833333333 0.012390624999999999 0.016520833333333332
2 0.519421875 0.5543125000000001 0.01521875 0.030875
2 0.6432109375 0.51625 0.051328125 0.025708333333333333
2 0.7853046874999999 0.5111458333333333 0.062953125 0.03916666666666667