2 0.79725 0.2701204819277109 0.07626000000000001 0.07614457831325301
2 0.6296799999999999 0.2820180722891566 0.02984 0.05168674698795181
2 0.7290599999999999 0.27936746987951805 0.06332 0.05680722891566265
2 0.8785899999999999 0.2756024096385542 0.06062 0.05746987951807228
2 0.93847 0.27274096385542174 0.07102 0.05548192771084338
2 0.9825799999999999 0.2700451807228916 0.03484 0.05665662650602409
2 0.24672 0.28579819277108437 0.053439999999999994 0.026897590361445782
2 0.01025 0.309066265060241 0.01886 0.030963855421686746
2 0.8373999999999999 0.2755120481927711 0.02404 0.052289156626506024
2 0.7569199999999999 0.278539156626506 0.02152 0.047801204819277104
2 0.9438199999999999 0.24531626506024096 0.0368 0.01960843373493976