2 0.8721171875 0.5422632794457275 0.255765625 0.13551963048498844
2 0.8581328125000001 0.6495496535796766 0.283734375 0.21217090069284067
2 0.829296875 0.31712471131639725 0.24231250000000001 0.08681293302540416
2 0.0957890625 0.6381986143187067 0.18548437499999998 0.2651732101616628
2 0.8534140625 0.506270207852194 0.29317187499999997 0.14515011547344112
2 0.8490078125 0.42405311778290994 0.299171875 0.11905311778290992
2 0.2644140625 0.42752886836027715 0.138765625 0.16581986143187066
2 0.18849218750000002 0.26756351039260967 0.155859375 0.08519630484988452
2 0.057773437500000004 0.29818706697459585 0.11251562500000001 0.0943879907621247
2 0.7925078125 0.37554272517321013 0.150828125 0.07593533487297922
2 0.6405390625 0.23636258660508083 0.015828125000000002 0.08311778290993072
2 0.8078984374999999 0.2878406466512702 0.159734375 0.05891454965357968