2 0.649078125 0.6408782201405153 0.07328124999999999 0.12793911007025763
2 0.0660703125 0.5679508196721311 0.130515625 0.16779859484777518
2 0.2802578125 0.5162412177985949 0.109203125 0.1129976580796253
2 0.8945234375 0.48634660421545667 0.16048437499999998 0.07644028103044496
2 0.446671875 0.5095550351288056 0.0375625 0.05845433255269321
2 0.85565625 0.7181967213114755 0.2050625 0.10482435597189695
2 0.256046875 0.4616510538641686 0.07734375 0.05238875878220141
2 0.442921875 0.4799765807962529 0.0333125 0.025199063231850116
2 0.13774999999999998 0.47146370023419204 0.10071875 0.04330210772833723
2 0.07857031249999999 0.4826346604215457 0.096046875 0.03206088992974239
2 0.3145234375 0.4870608899297424 0.047421875 0.07946135831381733
2 0.027625 0.48008196721311475 0.05525 0.07065573770491804