2 0.35445312500000004 0.3518092105263158 0.06168749999999999 0.03875000000000001
2 0.1209140625 0.36406798245614036 0.062484375 0.06344298245614036
2 0.5338359375 0.34907894736842104 0.040921875 0.039999999999999994
2 0.10116406250000001 0.34271929824561403 0.06035937500000001 0.03837719298245614
2 0.37464062499999995 0.3408771929824561 0.04740625 0.01631578947368421
2 0.1403515625 0.3257017543859649 0.037640625 0.01662280701754386
2 0.607671875 0.4104934210526316 0.18428125 0.10225877192982456
2 0.0778984375 0.328859649122807 0.019609375000000002 0.022192982456140348
2 0.3579609375 0.33316885964912285 0.022890625 0.01449561403508772
2 0.42942187499999995 0.3495614035087719 0.0905 0.05337719298245614
2 0.217390625 0.34753289473684207 0.04871875 0.037565789473684205
2 0.31172656249999997 0.34297149122807014 0.034671875000000005 0.04760964912280702