2 0.274125 0.8131875 0.11559375000000001 0.12225
2 0.13615625 0.8078125 0.13874999999999998 0.16999999999999998
2 0.5750625 0.728 0.0398125 0.034124999999999996
2 0.666984375 0.72115625 0.10221875 0.11143750000000001
2 0.0509765625 0.8441354166666667 0.095296875 0.15802083333333333
2 0.7953203125 0.8140312499999999 0.11776562500000001 0.12481249999999999
2 0.36196875 0.7369791666666666 0.04796875 0.07475000000000001
2 0.550078125 0.8638958333333332 0.09962499999999999 0.13133333333333333
2 0.631328125 0.7866041666666667 0.0609375 0.078875
2 0.555296875 0.7527916666666667 0.067 0.043958333333333335
2 0.3622578125 0.8158854166666667 0.048796875 0.07852083333333333