2 0.216 0.568078125 0.024166666666666666 0.01015625
2 0.08683333333333332 0.5631328125 0.023 0.017546875
2 0.026250000000000002 0.5680078125000001 0.05229166666666667 0.028859375
2 0.9371979166666667 0.5977421875 0.04527083333333334 0.021546875
2 0.24416666666666667 0.56675 0.02075 0.010374999999999999
2 0.64871875 0.5872109375 0.0641875 0.016296875
2 0.13694791666666667 0.5714609375 0.023104166666666665 0.020703125
2 0.6325208333333332 0.57846875 0.06595833333333333 0.0205625
2 0.42720833333333336 0.571609375 0.016041666666666666 0.0098125
2 0.29731250000000004 0.5662968749999999 0.022291666666666664 0.00984375
2 0.39092708333333337 0.5726328125 0.018895833333333334 0.011640625