2 0.7443020833333333 0.581109375 0.1553125 0.0770625
2 0.6065416666666666 0.5554609375 0.057374999999999995 0.028546875
2 0.5676041666666668 0.5499765625 0.021249999999999998 0.017140625
2 0.5465833333333333 0.5431015625000001 0.024874999999999998 0.013828125
2 0.9663645833333333 0.55790625 0.06727083333333334 0.02840625
2 0.0038541666666666668 0.552875 0.007500000000000001 0.02153125
2 0.08219791666666666 0.5452421875 0.036270833333333335 0.020671875
2 0.05084375 0.547265625 0.04902083333333333 0.024406249999999997
2 0.020927083333333332 0.5484375 0.041854166666666665 0.02525
2 0.5799062500000001 0.5521328124999999 0.017604166666666664 0.021765625
2 0.6862708333333334 0.5430234374999999 0.025249999999999998 0.010390625
2 0.10058333333333333 0.5444765625 0.059666666666666666 0.028703125000000003