2 0.0465703125 0.3998541666666667 0.074890625 0.035
2 0.5999921875 0.36913541666666666 0.043234375000000005 0.0206875
2 0.6710078125 0.3592708333333334 0.047453125 0.02625
2 0.29165625000000006 0.38893750000000005 0.058750000000000004 0.021291666666666667
2 0.3632265625 0.38573958333333336 0.06298437500000001 0.02414583333333333
2 0.41137500000000005 0.38390625 0.0418125 0.027770833333333335
2 0.49913281249999997 0.37455208333333334 0.018015625 0.018104166666666664
2 0.5444453125 0.37410416666666674 0.044609375 0.023791666666666666
2 0.21252343749999997 0.395375 0.065078125 0.029208333333333333
2 0.4743046875 0.37306249999999996 0.017421875 0.019708333333333335
2 0.8671093749999998 0.36543749999999997 0.0743125 0.041375