2 0.40332 0.7242000000000001 0.17122666666666664 0.071
2 0.18336000000000002 0.83046 0.29077333333333333 0.21084
2 0.9265066666666667 0.78946 0.14501333333333333 0.1052
2 0.13682666666666668 0.90298 0.27365333333333336 0.19404
2 0.84076 0.7571599999999999 0.06802666666666667 0.01676
2 0.8904266666666666 0.71093 0.17781333333333335 0.04026
2 0.5198 0.72699 0.12450666666666665 0.04254
2 0.7606133333333333 0.72241 0.10645333333333334 0.04082
2 0.3485066666666667 0.81346 0.0912 0.12359999999999999
2 0.27343999999999996 0.72437 0.2072 0.0621
2 0.60068 0.72185 0.11869333333333333 0.053020000000000005
2 0.6961333333333334 0.72374 0.10266666666666667 0.04444
2 0.87908 0.7700799999999999 0.24146666666666666 0.10384