2 0.2064453125 0.2774707259953162 0.118046875 0.10018735362997658
2 0.73465625 0.2633489461358314 0.10493749999999999 0.11011709601873537
2 0.33644531250000004 0.21215456674473068 0.097734375 0.06711943793911007
2 0.5034453125 0.17898126463700234 0.125140625 0.06142857142857143
2 0.5597265625 0.21063231850117095 0.091046875 0.054988290398126465
2 0.6358203124999999 0.2692622950819672 0.10223437500000002 0.1000702576112412
2 0.6815390625 0.17559718969555035 0.134453125 0.06955503512880562
2 0.7754375 0.20252927400468385 0.07940625 0.07049180327868852
2 0.86353125 0.2131615925058548 0.06759375 0.05236533957845433
2 0.1279296875 0.21098360655737705 0.113890625 0.07807962529274005
2 0.9425156250000001 0.2497423887587822 0.08240625 0.12135831381733021
2 0.321703125 0.2754215456674473 0.11525 0.098711943793911
2 0.535546875 0.27319672131147543 0.109375 0.10175644028103045