2 0.51846875 0.7496458333333333 0.04215625 0.04683333333333333
2 0.37332031250000003 0.7558541666666667 0.044515624999999996 0.03916666666666667
2 0.5840625 0.6963020833333334 0.023625 0.0225625
2 0.7812812499999999 0.6342291666666667 0.00959375 0.009208333333333334
2 0.7872109375 0.6366666666666667 0.009921875 0.009833333333333333
2 0.24612499999999998 0.7204895833333335 0.03225 0.0340625
2 0.6337265624999999 0.6680833333333334 0.017765625 0.016416666666666666
2 0.37982031250000003 0.6946458333333333 0.027703125000000002 0.025583333333333333
2 0.55421875 0.6711458333333333 0.02175 0.014875
2 0.1876484375 0.7451041666666666 0.034484375 0.0315
2 0.101734375 0.7652083333333334 0.023625 0.04675