2 0.259625 0.7616770833333334 0.12190625 0.11627083333333334
2 0.7305859375 0.7580833333333333 0.249640625 0.12104166666666667
2 0.475609375 0.72259375 0.060187500000000005 0.07802083333333334
2 0.40464062500000003 0.7199166666666666 0.0414375 0.049749999999999996
2 0.9564609374999999 0.7926145833333333 0.08707812499999999 0.10760416666666667
2 0.5605156250000001 0.7249479166666667 0.059343749999999994 0.07777083333333333
2 0.058140625 0.73909375 0.064875 0.07039583333333334
2 0.5948671875 0.7229270833333333 0.042140625 0.0759375
2 0.11934375 0.7614166666666667 0.13365625 0.10779166666666667
2 0.014374999999999999 0.7461249999999999 0.027718749999999997 0.11133333333333333
2 0.6481796875 0.7318229166666667 0.11173437500000001 0.1055625