2 0.559078125 0.0866875 0.03496875 0.03258333333333333
2 0.2208515625 0.075875 0.031859375 0.03229166666666667
2 0.3204765625 0.07619791666666667 0.036171875 0.03814583333333333
2 0.36124218750000003 0.07909375 0.017546875 0.03289583333333333
2 0.060640625000000004 0.06989583333333334 0.04359375 0.03245833333333333
2 0.1288203125 0.07004166666666665 0.030015625 0.043416666666666666
2 0.604890625 0.08622916666666666 0.032218750000000004 0.03391666666666667
2 0.012421875 0.0678125 0.02484375 0.03654166666666667
2 0.34831249999999997 0.07232291666666665 0.02659375 0.029062499999999998
2 0.5223359375000001 0.03972916666666667 0.032171875 0.029333333333333333
2 0.546046875 0.0308125 0.0221875 0.02475
2 0.5675390625000001 0.03477083333333333 0.028421875000000003 0.03158333333333333
2 0.5553125 0.07291666666666667 0.0723125 0.04045833333333334