2 0.2639921875 0.8875937500000001 0.132015625 0.2244375
2 0.5169921875 0.5399583333333333 0.11276562500000001 0.06775
2 0.5587109375 0.5808020833333334 0.100609375 0.08322916666666667
2 0.643890625 0.5347395833333334 0.08084375 0.06139583333333333
2 0.3282734375 0.5062083333333333 0.063765625 0.05979166666666667
2 0.5257968749999999 0.43025 0.058062499999999996 0.035541666666666666
2 0.479203125 0.41435416666666663 0.0589375 0.03075
2 0.43442968750000005 0.45371875 0.05404687500000001 0.043604166666666666
2 0.375671875 0.48144791666666664 0.06375 0.0498125
2 0.983765625 0.39422916666666663 0.032468750000000005 0.022458333333333334
2 0.9867968750000001 0.433 0.02640625 0.041291666666666664