2 0.55609375 0.6954360465116279 0.09078125000000001 0.1044186046511628
2 0.9516874999999999 0.8968459302325581 0.096625 0.19840116279069767
2 0.323625 0.6611191860465117 0.10375000000000001 0.08566860465116279
2 0.6532421875 0.6749127906976745 0.049421875 0.06755813953488371
2 0.9267031250000001 0.7958575581395348 0.14634375 0.16351744186046513
2 0.7015781249999999 0.6510610465116279 0.02340625 0.03130813953488372
2 0.916703125 0.7104941860465117 0.14068750000000002 0.1252906976744186
2 0.5177265624999999 0.6496802325581396 0.066859375 0.0702906976744186
2 0.7828359375 0.6436046511627908 0.010734375 0.01366279069767442
2 0.8454765624999998 0.7006395348837209 0.034953125 0.0711046511627907
2 0.8164843750000002 0.6532122093023256 0.031468750000000004 0.028982558139534886
2 0.6548359374999999 0.635625 0.024265625 0.017936046511627907
2 0.8696093749999999 0.6805959302325582 0.1144375 0.08991279069767442