2 0.7526484375 0.5258333333333334 0.043359375 0.033215962441314556
2 0.8357265625 0.5384976525821596 0.038046875 0.028169014084507043
2 0.700875 0.5214553990610329 0.0364375 0.020234741784037558
2 0.9373984375000001 0.5597769953051643 0.042421875 0.033591549295774646
2 0.794984375 0.5387793427230047 0.0368125 0.02615023474178404
2 0.9534687500000001 0.514906103286385 0.026125 0.01272300469483568
2 0.9825546874999999 0.5723708920187793 0.034890624999999995 0.030046948356807514
2 0.7673671874999999 0.5312793427230047 0.037390625 0.029694835680751173
2 0.6179609375 0.47637323943661974 0.025015625000000003 0.010070422535211268
2 0.58834375 0.4714906103286385 0.03078125 0.018333333333333333
2 0.5601015625000001 0.47130281690140846 0.030234375 0.01199530516431925
2 0.7960468749999999 0.5217957746478873 0.02996875 0.014577464788732394
2 0.73409375 0.5234272300469484 0.029375000000000002 0.027230046948356807