2 0.720875 0.7081798245614035 0.1806875 0.1393421052631579
2 0.871890625 0.6857785087719298 0.20256249999999998 0.12646929824561404
2 0.8878046875000001 0.6320614035087718 0.192640625 0.09026315789473684
2 0.5582343750000001 0.5965021929824561 0.08703125 0.07160087719298246
2 0.4902109375 0.5863157894736842 0.066453125 0.060657894736842105
2 0.4475468749999999 0.569265350877193 0.060250000000000005 0.050372807017543854
2 0.66171875 0.6036293859649122 0.1140625 0.09546052631578948
2 0.24051562499999996 0.5754934210526316 0.06 0.06690789473684211
2 0.13634375 0.4814802631578947 0.033437499999999995 0.034583333333333334
2 0.411703125 0.602982456140351 0.074 0.07671052631578947
2 0.086015625 0.6359868421052632 0.10384374999999998 0.09171052631578948
2 0.2929453125 0.4315679824561403 0.017203125 0.028399122807017542
2 0.104390625 0.5593640350877193 0.04940625 0.049473684210526316