2 0.30180208333333336 0.8605859375 0.18706250000000002 0.098484375
2 0.35487499999999994 0.7580859375 0.092125 0.058953124999999995
2 0.31925000000000003 0.7313046875 0.081375 0.047984375
2 0.26276041666666666 0.69503125 0.07302083333333333 0.038125
2 0.33869791666666665 0.7458046875 0.08402083333333334 0.050671875
2 0.19740624999999998 0.6035703125 0.059062500000000004 0.018265625
2 0.057645833333333334 0.6023828124999999 0.04125 0.021546875
2 0.05064583333333334 0.6854375 0.027791666666666666 0.0459375
2 0.256 0.85021875 0.13029166666666667 0.089625
2 0.8777916666666667 0.8517421875 0.08720833333333333 0.14542187499999998
2 0.2039166666666667 0.6596796875 0.050041666666666665 0.039328125000000005
2 0.16853125 0.6294375000000001 0.05314583333333334 0.03259375