2 0.2769921875 0.8730941176470588 0.015484375 0.02247058823529412
2 0.962328125 0.7414235294117646 0.015 0.02567058823529412
2 0.26584375000000005 0.9396117647058823 0.0241875 0.023788235294117645
2 0.34871875 0.787270588235294 0.016125 0.022729411764705883
2 0.12259374999999999 0.9623529411764706 0.020999999999999998 0.02235294117647059
2 0.15724999999999997 0.9339529411764707 0.01975 0.0256
2 0.212546875 0.8869058823529412 0.0128125 0.021623529411764705
2 0.197828125 0.8692470588235294 0.01565625 0.02235294117647059
2 0.3106875 0.8777882352941176 0.0133125 0.0232
2 0.49047656250000005 0.47667058823529407 0.007359375 0.014470588235294119
2 0.08759375 0.45880000000000004 0.0115625 0.014258823529411763
2 0.34957812499999996 0.8361294117647058 0.017687500000000002 0.03009411764705882
2 0.4598046875 0.43422352941176473 0.008859375 0.010423529411764705