2 0.157765625 0.7705312499999999 0.1985 0.12822916666666667
2 0.9146875 0.6950729166666666 0.1528125 0.04472916666666667
2 0.1446796875 0.72884375 0.165671875 0.11222916666666666
2 0.8570703125 0.7395520833333333 0.150640625 0.1041875
2 0.4629609375 0.7054375 0.057390624999999994 0.042499999999999996
2 0.5543125000000001 0.6908437500000001 0.0315625 0.03897916666666667
2 0.42142968750000004 0.7296979166666666 0.10198437499999999 0.08314583333333332
2 0.7986171874999999 0.6871770833333333 0.015515625 0.029479166666666667
2 0.5715625 0.6867604166666667 0.03609375 0.0450625
2 0.03590625 0.7547708333333333 0.0718125 0.08916666666666666
2 0.7651796875 0.6856666666666666 0.032421875 0.031208333333333334
2 0.721234375 0.6866249999999999 0.022875 0.020666666666666667