2 0.961515625 0.5028855140186915 0.07509375 0.089696261682243
2 0.17535937499999998 0.490911214953271 0.02878125 0.03448598130841121
2 0.1653046875 0.47546728971962615 0.032671875 0.039672897196261686
2 0.1430625 0.478177570093458 0.049 0.04504672897196262
2 0.140765625 0.47141355140186914 0.05971875 0.055070093457943926
2 0.1012421875 0.4750233644859813 0.024484375 0.036168224299065424
2 0.053875000000000006 0.47316588785046726 0.021156249999999998 0.02235981308411215
2 0.133859375 0.4889602803738317 0.01625 0.022406542056074764
2 0.11182031249999999 0.4800817757009346 0.019671875 0.037546728971962616
2 0.0443359375 0.47161214953271025 0.011015625 0.025841121495327104
2 0.072421875 0.4744976635514019 0.02334375 0.029742990654205607