2 0.21698 0.94268 0.06516 0.07736
2 0.26503000000000004 0.9238666666666668 0.04426 0.05418666666666667
2 0.52286 0.94364 0.07504000000000001 0.1036
2 0.48921 0.8709866666666667 0.028140000000000002 0.03285333333333333
2 0.16851999999999998 0.9427066666666666 0.044719999999999996 0.06312000000000001
2 0.7954300000000001 0.76512 0.40914 0.46976
2 0.29949000000000003 0.8782666666666665 0.03014 0.035146666666666666
2 0.27968 0.8900666666666668 0.04572 0.03592
2 0.40168 0.89192 0.0554 0.030666666666666665
2 0.51129 0.90372 0.05614 0.041626666666666666
2 0.14117 0.9214799999999999 0.0297 0.020826666666666667